7_1_00 1, 9, 13, 5, 2, 10, 14
4_6_14 9, 1, 5, 13
4_20_02 2, 10, 14, 6
7_31_00 4, 12, 16, 8, 9, 1, 5
8_1_18 10, 2, 6, 14, 11, 3, 7, 15
8_2_08 5, 13, 1, 9, 6, 14, 2, 10
3_6_02 15, 7, 11
1_1_22 12
5_20_02 2, 10, 14, 6, 7
3_27_12 9, 1, 13
1_26_22 10
3_10_16 7, 15, 3
3_26_18 8, 16, 4
5_2_04 3, 11, 15, 7, 16
6_3_14 8, 16, 4, 12, 9, 1
3_26_12 5, 13, 1
5_9_20 13, 5, 9, 1, 14
7_13_16 12, 4, 8, 16, 9, 1, 5
7_18_10 6, 14, 2, 10, 3, 11, 15
2_24_00 14, 6
5_8_10 7, 15, 3, 11, 12
4_21_08 6, 14, 2, 10
4_8_20 12, 4, 8, 16
7_21_14 9, 1, 5, 13, 10, 2, 6
8_4_22 12, 4, 8, 16, 13, 5, 9, 1
4_28_08 7, 15, 3, 11
8_30_02 5, 13, 1, 9, 2, 10, 14, 6
1_5_00 2
6_15_06 7, 15, 3, 11, 4, 12
6_11_18 12, 4, 8, 16, 13, 5
4_6_18 11, 3, 7, 15
1_27_06 14
6_10_10 8, 16, 4, 12, 5, 13
6_31_20 14, 6, 10, 2, 11, 3
5_10_12 9, 1, 5, 13, 6
5_26_14 10, 2, 6, 14, 7
8_25_02 4, 12, 16, 8, 5, 13, 1, 9
8_13_06 7, 15, 3, 11, 4, 12, 16, 8
5_4_22 12, 4, 8, 16, 1
5_2_06 4, 12, 16, 8, 1
1_10_14 6
2_14_22 11, 3
1_30_18 9
7_19_12 7, 15, 3, 11, 16, 8, 12
3_1_06 4, 12, 16
4_30_06 7, 15, 3, 11
7_26_14 10, 2, 6, 14, 7, 15, 3
7_6_16 10, 2, 6, 14, 7, 15, 3
3_26_20 9, 1, 5
2_10_18 8, 16
3_1_00 1, 9, 13
3_9_06 6, 14, 2
8_9_04 5, 13, 1, 9, 6, 14, 2, 10
2_11_10 8, 16
5_3_18 10, 2, 6, 14, 3
8_9_10 8, 16, 4, 12, 9, 1, 5, 13
7_23_20 12, 4, 8, 16, 5, 13, 1
5_18_16 9, 1, 5, 13, 6
5_23_14 9, 1, 5, 13, 2
8_22_10 7, 15, 3, 11, 8, 16, 4, 12
5_7_08 6, 14, 2, 10, 15
6_2_02 2, 10, 14, 6, 15, 7
5_27_00 3, 11, 15, 7, 12
5_24_20 12, 4, 8, 16, 1
7_10_04 5, 13, 1, 9, 2, 10, 14
6_31_00 4, 12, 16, 8, 1, 9
7_3_04 3, 11, 15, 7, 12, 4, 8
2_25_22 14, 6
7_21_00 2, 10, 14, 6, 3, 11, 15
1_16_22 3
3_31_10 9, 1, 13
4_7_22 13, 5, 9, 1
7_7_04 4, 12, 16, 8, 13, 5, 9
6_12_14 10, 2, 6, 14, 7, 15
6_11_20 13, 5, 9, 1, 14, 6
7_10_06 6, 14, 2, 10, 3, 11, 15
6_19_04 3, 11, 15, 7, 4, 12
6_6_02 3, 11, 15, 7, 16, 8
6_28_20 13, 5, 9, 1, 10, 2
1_14_12 6
5_11_16 11, 3, 7, 15, 4
1_7_14 1
8_26_04 5, 13, 1, 9, 6, 14, 2, 10
3_17_08 5, 13, 1
4_11_02 4, 12, 16, 8
7_31_16 12, 4, 8, 16, 1, 9, 13
5_8_02 3, 11, 15, 7, 8
8_31_14 11, 3, 7, 15, 8, 16, 4, 12
4_19_16 9, 1, 5, 13
3_15_08 8, 16, 12
6_23_22 13, 5, 9, 1, 14, 6
1_16_20 2
6_23_00 2, 10, 14, 6, 3, 11
2_4_06 16, 8
7_15_10 9, 1, 5, 13, 14, 6, 10
2_3_12 7, 15
8_20_06 4, 12, 16, 8, 5, 13, 1, 9
1_31_00 12
2_7_10 7, 15
5_27_10 8, 16, 4, 12, 1
2_25_18 12, 4
4_2_12 7, 15, 3, 11
6_3_04 3, 11, 15, 7, 4, 12
3_28_18 8, 16, 12
3_9_20 13, 5, 9
5_14_10 9, 1, 5, 13, 2
8_6_16 10, 2, 6, 14, 11, 3, 7, 15
3_30_02 1, 9, 13
4_14_20 14, 6, 10, 2
5_16_20 14, 6, 10, 2, 15
2_3_04 3, 11
6_7_22 13, 5, 9, 1, 14, 6
7_25_06 6, 14, 2, 10, 7, 15, 3
7_12_10 8, 16, 4, 12, 13, 5, 9
5_24_16 10, 2, 6, 14, 15
7_5_18 11, 3, 7, 15, 12, 4, 8
4_14_08 8, 16, 4, 12
8_19_00 1, 9, 13, 5, 2, 10, 14, 6
1_24_06 9
8_15_06 7, 15, 3, 11, 4, 12, 16, 8
3_10_06 2, 10, 14
1_8_12 12
3_29_04 6, 14, 2
2_26_06 2, 10
6_16_02 5, 13, 1, 9, 14, 6
6_28_04 5, 13, 1, 9, 2, 10
8_8_12 8, 16, 4, 12, 9, 1, 5, 13
2_17_08 5, 13
5_26_04 5, 13, 1, 9, 2
1_22_14 5
3_27_04 5, 13, 9
7_9_04 5, 13, 1, 9, 6, 14, 2
5_8_20 12, 4, 8, 16, 1
3_23_18 11, 3, 15
3_29_06 7, 15, 3
1_2_16 5
2_31_16 12, 4
7_29_14 11, 3, 7, 15, 8, 16, 4
4_12_12 9, 1, 5, 13
3_16_12 6, 14, 10
2_11_08 7, 15
1_21_10 7
4_25_00 3, 11, 15, 7
7_12_12 9, 1, 5, 13, 14, 6, 10
4_16_08 8, 16, 4, 12
4_24_00 2, 10, 14, 6
4_31_02 5, 13, 1, 9
6_11_16 11, 3, 7, 15, 12, 4
8_26_16 11, 3, 7, 15, 12, 4, 8, 16
6_29_02 5, 13, 1, 9, 2, 10
3_2_04 15, 7, 11
2_2_12 3, 11
8_16_22 15, 7, 11, 3, 12, 4, 8, 16
1_3_20 3
2_30_10 5, 13
6_28_00 3, 11, 15, 7, 16, 8
3_14_00 16, 8, 12
8_21_12 8, 16, 4, 12, 9, 1, 5, 13
8_26_20 13, 5, 9, 1, 14, 6, 10, 2
5_11_12 9, 1, 5, 13, 2
3_29_12 10, 2, 6
2_17_06 4, 12
5_7_04 4, 12, 16, 8, 13
1_24_00 6
5_6_02 3, 11, 15, 7, 16
8_27_12 9, 1, 5, 13, 10, 2, 6, 14
5_24_02 3, 11, 15, 7, 8
5_16_10 9, 1, 5, 13, 10
7_20_08 5, 13, 1, 9, 10, 2, 6
5_19_06 4, 12, 16, 8, 13
4_21_02 3, 11, 15, 7
7_11_14 10, 2, 6, 14, 3, 11, 15
1_6_18 7
3_19_18 10, 2, 14
3_5_18 11, 3, 7
2_23_12 8, 16
5_14_02 5, 13, 1, 9, 14
4_2_20 11, 3, 7, 15
8_6_08 6, 14, 2, 10, 7, 15, 3, 11
5_2_22 12, 4, 8, 16, 9
5_5_22 13, 5, 9, 1, 14
4_27_16 11, 3, 7, 15
5_18_20 11, 3, 7, 15, 8
2_18_18 6, 14
7_17_22 12, 4, 8, 16, 13, 5, 9
5_13_04 6, 14, 2, 10, 3
1_29_06 7
2_11_16 11, 3
2_3_14 8, 16
1_27_22 6
2_6_20 8, 16
1_19_16 1
7_24_14 9, 1, 5, 13, 14, 6, 10
8_3_00 1, 9, 13, 5, 2, 10, 14, 6
7_15_22 15, 7, 11, 3, 4, 12, 16
4_10_02 4, 12, 16, 8
5_2_10 6, 14, 2, 10, 3
7_19_10 6, 14, 2, 10, 15, 7, 11
6_4_04 3, 11, 15, 7, 16, 8
1_4_14 12
3_2_22 8, 16, 4
2_17_18 10, 2
4_23_04 4, 12, 16, 8
5_13_18 13, 5, 9, 1, 10
7_26_20 13, 5, 9, 1, 10, 2, 6
8_31_02 5, 13, 1, 9, 2, 10, 14, 6
8_29_22 15, 7, 11, 3, 12, 4, 8, 16
1_9_00 3
6_7_08 6, 14, 2, 10, 7, 15
6_9_06 6, 14, 2, 10, 7, 15
7_14_00 4, 12, 16, 8, 13, 5, 9
1_17_20 11
1_7_06 13
5_28_12 9, 1, 5, 13, 14
6_6_08 6, 14, 2, 10, 3, 11
8_16_14 11, 3, 7, 15, 8, 16, 4, 12
3_17_06 4, 12, 16
7_26_22 14, 6, 10, 2, 11, 3, 7
5_1_16 9, 1, 5, 13, 10
2_21_02 3, 11
5_8_00 2, 10, 14, 6, 7
4_25_02 4, 12, 16, 8
6_1_08 5, 13, 1, 9, 6, 14
6_17_22 12, 4, 8, 16, 13, 5
2_24_04 16, 8
5_19_16 9, 1, 5, 13, 2
3_10_18 8, 16, 4
2_3_02 2, 10
7_2_06 4, 12, 16, 8, 1, 9, 13
5_8_06 5, 13, 1, 9, 10
8_8_10 7, 15, 3, 11, 8, 16, 4, 12
1_25_14 10
8_12_12 9, 1, 5, 13, 10, 2, 6, 14
4_12_08 7, 15, 3, 11
3_14_10 5, 13, 1
3_1_18 10, 2, 6
2_11_18 12, 4
4_6_08 6, 14, 2, 10
8_28_06 6, 14, 2, 10, 7, 15, 3, 11
7_31_06 7, 15, 3, 11, 12, 4, 8
1_14_22 11
2_25_06 6, 14
1_7_16 2
2_17_20 11, 3
6_23_10 7, 15, 3, 11, 8, 16
1_18_10 2
7_12_00 3, 11, 15, 7, 8, 16, 4
1_21_16 10
2_5_20 12, 4
7_20_22 12, 4, 8, 16, 1, 9, 13
3_4_04 15, 7, 3
4_27_18 12, 4, 8, 16
1_31_06 15
1_28_06 10
2_17_00 1, 9
3_26_06 2, 10, 14
1_15_02 13
1_4_04 7
6_5_02 3, 11, 15, 7, 4, 12
8_28_16 11, 3, 7, 15, 12, 4, 8, 16
6_16_14 11, 3, 7, 15, 4, 12
7_6_10 7, 15, 3, 11, 4, 12, 16
1_25_20 13
3_12_04 1, 9, 5
1_22_06 1
7_30_04 6, 14, 2, 10, 15, 7, 11
8_20_02 2, 10, 14, 6, 3, 11, 15, 7
5_27_12 9, 1, 5, 13, 2
5_29_10 9, 1, 5, 13, 6
7_12_06 6, 14, 2, 10, 11, 3, 7
7_23_06 5, 13, 1, 9, 14, 6, 10
6_16_16 12, 4, 8, 16, 5, 13
7_22_12 8, 16, 4, 12, 5, 13, 1
5_17_04 3, 11, 15, 7, 4
6_24_08 6, 14, 2, 10, 3, 11
6_30_08 8, 16, 4, 12, 1, 9
6_5_12 8, 16, 4, 12, 9, 1
2_14_00 16, 8
1_5_18 11
4_16_04 6, 14, 2, 10
4_31_06 7, 15, 3, 11
8_10_06 6, 14, 2, 10, 7, 15, 3, 11
5_30_00 4, 12, 16, 8, 13
5_10_18 12, 4, 8, 16, 9
8_1_08 5, 13, 1, 9, 6, 14, 2, 10
5_19_22 12, 4, 8, 16, 5
8_17_12 7, 15, 3, 11, 8, 16, 4, 12
7_25_20 13, 5, 9, 1, 14, 6, 10
1_26_16 7
8_17_16 9, 1, 5, 13, 10, 2, 6, 14
3_28_16 7, 15, 11
5_29_04 6, 14, 2, 10, 3
1_29_04 6
6_9_22 14, 6, 10, 2, 15, 7
4_12_22 14, 6, 10, 2
1_7_02 11
6_27_04 5, 13, 1, 9, 6, 14
