8_14_16 12, 4, 8, 16, 9, 1, 5, 13
2_29_04 6, 14
4_30_14 11, 3, 7, 15
2_27_12 9, 1
6_23_22 13, 5, 9, 1, 14, 6
3_6_12 4, 12, 16
6_16_12 10, 2, 6, 14, 3, 11
6_21_04 4, 12, 16, 8, 5, 13
8_18_12 7, 15, 3, 11, 8, 16, 4, 12
7_17_22 12, 4, 8, 16, 13, 5, 9
3_28_08 3, 11, 7
8_7_04 4, 12, 16, 8, 5, 13, 1, 9
4_11_12 9, 1, 5, 13
6_30_00 4, 12, 16, 8, 13, 5
5_6_10 7, 15, 3, 11, 4
6_10_20 13, 5, 9, 1, 10, 2
5_21_20 12, 4, 8, 16, 13
2_2_04 15, 7
6_22_06 5, 13, 1, 9, 2, 10
6_28_14 10, 2, 6, 14, 7, 15
2_15_22 15, 7
1_21_08 6
8_1_04 3, 11, 15, 7, 4, 12, 16, 8
3_22_14 5, 13, 1
6_1_00 1, 9, 13, 5, 2, 10
4_13_12 10, 2, 6, 14
4_24_02 3, 11, 15, 7
7_13_20 14, 6, 10, 2, 11, 3, 7
8_16_10 9, 1, 5, 13, 6, 14, 2, 10
4_18_16 9, 1, 5, 13
3_10_06 2, 10, 14
6_27_14 10, 2, 6, 14, 11, 3
1_4_16 13
2_27_20 13, 5
5_26_22 14, 6, 10, 2, 11
6_5_20 12, 4, 8, 16, 13, 5
4_7_02 3, 11, 15, 7
1_12_04 9
2_2_12 3, 11
1_29_22 15
4_15_22 15, 7, 11, 3
8_22_10 7, 15, 3, 11, 8, 16, 4, 12
7_19_20 11, 3, 7, 15, 4, 12, 16
6_17_14 8, 16, 4, 12, 9, 1
1_11_16 3
2_30_20 10, 2
4_13_06 7, 15, 3, 11
6_7_14 9, 1, 5, 13, 10, 2
6_11_12 9, 1, 5, 13, 10, 2
6_9_08 7, 15, 3, 11, 8, 16
7_6_20 12, 4, 8, 16, 9, 1, 5
3_9_16 11, 3, 7
3_27_22 14, 6, 2
1_22_04 16
6_30_14 11, 3, 7, 15, 4, 12
3_31_02 5, 13, 9
2_15_00 4,12
1_1_12 7
3_31_00 4,12, 8
2_2_02 14, 6
6_30_06 7, 15, 3, 11, 16, 8
2_20_00 13, 5
2_20_02 14, 6
2_12_14 6, 14
3_26_22 10, 2, 6
8_21_16 10, 2, 6, 14, 11, 3, 7, 15
1_2_22 8
3_9_20 13, 5, 9
3_13_10 9, 1, 5
7_5_20 12, 4, 8, 16, 13, 5, 9
1_2_00 13
2_11_18 12, 4
8_6_18 11, 3, 7, 15, 12, 4, 8, 16
3_1_22 12, 4, 8
4_11_10 8, 16, 4, 12
1_25_18 12
3_13_04 6, 14, 2
3_2_10 2, 10, 14
8_4_06 4, 12, 16, 8, 5, 13, 1, 9
8_14_18 13, 5, 9, 1, 10, 2, 6, 14
4_21_06 5, 13, 1, 9
1_23_20 4
1_30_14 7
5_2_08 5, 13, 1, 9, 2
8_16_08 8, 16, 4, 12, 5, 13, 1, 9
7_26_02 4, 12, 16, 8, 1, 9, 13
7_15_22 15, 7, 11, 3, 4, 12, 16
5_22_06 5, 13, 1, 9, 2
7_8_02 3, 11, 15, 7, 8, 16, 4
2_24_00 14, 6
6_19_12 7, 15, 3, 11, 8, 16
8_8_22 13, 5, 9, 1, 14, 6, 10, 2
3_14_22 11, 3, 7
1_9_06 6
8_8_16 10, 2, 6, 14, 11, 3, 7, 15
6_21_16 10, 2, 6, 14, 11, 3
4_13_20 14, 6, 10, 2
7_16_20 14, 6, 10, 2, 15, 7, 11
5_6_02 3, 11, 15, 7, 16
7_16_22 15, 7, 11, 3, 16, 8, 12
3_15_06 7, 15, 11
1_25_12 9
7_14_02 5, 13, 1, 9, 14, 6, 10
2_1_00 1, 9
4_27_20 13, 5, 9, 1
4_19_16 9, 1, 5, 13
2_28_12 5, 13
7_7_06 5, 13, 1, 9, 14, 6, 10
3_30_14 7, 15, 3
3_11_20 13, 5, 1
5_5_04 4, 12, 16, 8, 5
4_4_08 5, 13, 1, 9
3_14_12 6, 14, 2
1_28_12 13
7_10_04 5, 13, 1, 9, 2, 10, 14
6_3_00 1, 9, 13, 5, 2, 10
2_9_20 13, 5
8_23_06 5, 13, 1, 9, 6, 14, 2, 10
7_4_14 8, 16, 4, 12, 13, 5, 9
6_6_00 2, 10, 14, 6, 15, 7
2_22_16 6, 14
2_4_18 6, 14
7_4_04 3, 11, 15, 7, 8, 16, 4
3_20_14 4, 12, 8
8_28_16 11, 3, 7, 15, 12, 4, 8, 16
7_8_22 13, 5, 9, 1, 2, 10, 14
8_1_16 9, 1, 5, 13, 10, 2, 6, 14
2_13_18 13, 5
6_30_20 14, 6, 10, 2, 7, 15
4_9_08 7, 15, 3, 11
8_28_14 10, 2, 6, 14, 11, 3, 7, 15
8_9_14 10, 2, 6, 14, 11, 3, 7, 15
2_10_08 3, 11
6_26_04 5, 13, 1, 9, 2, 10
2_29_06 7, 15
7_12_06 6, 14, 2, 10, 11, 3, 7
2_12_16 7, 15
3_13_08 8, 16, 4
3_14_16 8, 16, 4
2_28_10 4, 12
1_26_06 2
4_12_12 9, 1, 5, 13
2_25_22 14, 6
1_17_22 12
5_9_12 9, 1, 5, 13, 10
3_4_22 8, 16, 12
3_28_06 2, 10, 6
2_25_00 3, 11
7_1_08 5, 13, 1, 9, 6, 14, 2
1_6_16 6
1_21_18 11
3_26_00 15, 7, 11
8_22_02 3, 11, 15, 7, 4, 12, 16, 8
7_28_18 12, 4, 8, 16, 1, 9, 13
8_11_20 13, 5, 9, 1, 14, 6, 10, 2
5_28_16 11, 3, 7, 15, 16
5_26_20 13, 5, 9, 1, 10
2_30_10 5, 13
5_4_12 7, 15, 3, 11, 12
3_27_18 12, 4, 16
7_17_02 2, 10, 14, 6, 3, 11, 15
2_15_14 11, 3
1_5_02 3
1_20_20 15
5_3_04 3, 11, 15, 7, 12
3_3_12 7, 15, 11
1_20_12 11
4_16_14 11, 3, 7, 15
4_29_08 8, 16, 4, 12
6_19_04 3, 11, 15, 7, 4, 12
8_28_02 4, 12, 16, 8, 5, 13, 1, 9
8_26_04 5, 13, 1, 9, 6, 14, 2, 10
5_28_20 13, 5, 9, 1, 2
1_15_14 3
2_23_02 3, 11
7_27_18 12, 4, 8, 16, 5, 13, 1
8_13_22 15, 7, 11, 3, 12, 4, 8, 16
4_8_08 6, 14, 2, 10
2_30_08 4, 12
1_18_08 1
4_23_04 4, 12, 16, 8
8_2_10 6, 14, 2, 10, 7, 15, 3, 11
6_25_22 14, 6, 10, 2, 15, 7
2_3_04 3, 11
7_13_18 13, 5, 9, 1, 10, 2, 6
2_26_00 15, 7
4_5_18 11, 3, 7, 15
8_3_08 5, 13, 1, 9, 6, 14, 2, 10
7_22_06 5, 13, 1, 9, 2, 10, 14
6_2_02 2, 10, 14, 6, 15, 7
4_2_22 12, 4, 8, 16
8_5_00 2, 10, 14, 6, 3, 11, 15, 7
1_2_18 6
5_31_16 12, 4, 8, 16, 1
5_27_12 9, 1, 5, 13, 2
7_20_20 11, 3, 7, 15, 16, 8, 12
6_21_06 5, 13, 1, 9, 6, 14
4_20_20 11, 3, 7, 15
8_13_14 11, 3, 7, 15, 8, 16, 4, 12
8_12_18 12, 4, 8, 16, 13, 5, 9, 1
8_26_00 3, 11, 15, 7, 4, 12, 16, 8
8_2_00 1, 9, 13, 5, 2, 10, 14, 6
7_28_08 7, 15, 3, 11, 12, 4, 8
4_16_08 8, 16, 4, 12
5_20_14 8, 16, 4, 12, 13
8_3_06 4, 12, 16, 8, 5, 13, 1, 9
3_27_08 7, 15, 11
6_25_14 10, 2, 6, 14, 11, 3
6_4_10 6, 14, 2, 10, 3, 11
1_30_06 3
1_16_18 1
4_3_04 3, 11, 15, 7
5_6_12 8, 16, 4, 12, 5
3_8_12 4, 12, 8
1_19_04 11
3_3_22 12, 4, 16
8_6_06 5, 13, 1, 9, 6, 14, 2, 10
1_8_04 8
2_9_16 11, 3
7_16_16 12, 4, 8, 16, 13, 5, 9
8_7_20 12, 4, 8, 16, 13, 5, 9, 1
2_4_20 7, 15
2_9_02 4, 12
7_8_06 5, 13, 1, 9, 10, 2, 6
2_13_08 8, 16
4_5_02 3, 11, 15, 7
2_25_16 11, 3
6_16_16 12, 4, 8, 16, 5, 13
1_28_14 14
6_1_06 4, 12, 16, 8, 5, 13
3_17_22 12, 4, 8
3_22_12 4, 12, 16
6_14_18 13, 5, 9, 1, 6, 14
1_21_04 4
6_11_18 12, 4, 8, 16, 13, 5
5_6_18 11, 3, 7, 15, 8
2_18_00 13, 5
5_10_10 8, 16, 4, 12, 5
8_25_04 5, 13, 1, 9, 6, 14, 2, 10
3_9_18 12, 4, 8
8_18_06 4, 12, 16, 8, 5, 13, 1, 9
8_31_04 6, 14, 2, 10, 3, 11, 15, 7
5_25_06 6, 14, 2, 10, 7
2_31_08 8, 16
4_25_20 13, 5, 9, 1
1_3_10 14
3_25_10 8, 16, 4
3_12_08 3, 11, 7
5_21_02 3, 11, 15, 7, 4
8_21_18 11, 3, 7, 15, 12, 4, 8, 16
7_30_12 10, 2, 6, 14, 3, 11, 15
6_24_10 7, 15, 3, 11, 4, 12
8_23_18 11, 3, 7, 15, 12, 4, 8, 16
5_24_20 12, 4, 8, 16, 1
1_5_00 2
2_18_08 1, 9
7_10_18 12, 4, 8, 16, 9, 1, 5
3_21_18 11, 3, 7
3_21_10 7, 15, 3
7_18_02 2, 10, 14, 6, 15, 7, 11
6_23_10 7, 15, 3, 11, 8, 16
6_2_14 8, 16, 4, 12, 5, 13
2_7_04 4, 12
3_18_16 5, 13, 1
1_12_10 12
2_27_10 8, 16
6_31_18 13, 5, 9, 1, 10, 2
8_5_18 11, 3, 7, 15, 12, 4, 8, 16
7_17_00 1, 9, 13, 5, 2, 10, 14
4_8_22 13, 5, 9, 1
5_8_02 3, 11, 15, 7, 8
8_25_16 11, 3, 7, 15, 12, 4, 8, 16
1_9_14 10
6_28_16 11, 3, 7, 15, 8, 16
2_30_00 16, 8
7_11_08 7, 15, 3, 11, 16, 8, 12
8_5_04 4, 12, 16, 8, 5, 13, 1, 9
5_29_22 15, 7, 11, 3, 12
7_18_18 10, 2, 6, 14, 7, 15, 3
1_12_18 16
7_2_12 7, 15, 3, 11, 4, 12, 16
2_13_02 5, 13
4_23_12 8, 16, 4, 12
7_7_08 6, 14, 2, 10, 15, 7, 11
1_27_04 13
1_4_22 16
5_9_10 8, 16, 4, 12, 9
5_4_02 2, 10, 14, 6, 7
7_2_18 10, 2, 6, 14, 7, 15, 3
2_4_08 1, 9
1_17_08 5
8_8_02 3, 11, 15, 7, 4, 12, 16, 8
8_12_14 10, 2, 6, 14, 11, 3, 7, 15
2_3_02 2, 10
5_5_10 7, 15, 3, 11, 8
6_8_14 9, 1, 5, 13, 6, 14
8_12_00 3, 11, 15, 7, 4, 12, 16, 8
5_2_00 1, 9, 13, 5, 14
5_12_18 12, 4, 8, 16, 1
1_24_04 8
4_24_06 5, 13, 1, 9
1_18_10 2
7_8_12 8, 16, 4, 12, 13, 5, 9
3_26_16 7, 15, 3
6_6_12 8, 16, 4, 12, 5, 13
3_21_06 5, 13, 1
8_20_06 4, 12, 16, 8, 5, 13, 1, 9
5_8_12 8, 16, 4, 12, 13
4_24_20 12, 4, 8, 16
4_22_22 13, 5, 9, 1
4_25_14 10, 2, 6, 14
5_30_22 15, 7, 11, 3, 8
4_8_20 12, 4, 8, 16
5_24_04 4, 12, 16, 8, 9
6_13_02 5, 13, 1, 9, 2, 10
4_6_06 5, 13, 1, 9
7_14_04 6, 14, 2, 10, 15, 7, 11
2_20_04 15, 7
2_6_22 9, 1
4_21_02 3, 11, 15, 7
1_28_04 9
3_24_14 5, 13, 9
8_17_02 2, 10, 14, 6, 3, 11, 15, 7
8_1_12 7, 15, 3, 11, 8, 16, 4, 12
5_23_18 11, 3, 7, 15, 4
8_13_04 6, 14, 2, 10, 3, 11, 15, 7
6_15_06 7, 15, 3, 11, 4, 12
5_12_10 8, 16, 4, 12, 13
5_11_16 11, 3, 7, 15, 4
3_7_18 11, 3, 15
3_5_14 9, 1, 5
8_21_14 9, 1, 5, 13, 10, 2, 6, 14
2_9_00 3, 11
5_16_18 13, 5, 9, 1, 14
5_9_08 7, 15, 3, 11, 8
6_3_04 3, 11, 15, 7, 4, 12
2_14_00 16, 8
8_22_16 10, 2, 6, 14, 11, 3, 7, 15
4_7_08 6, 14, 2, 10
1_27_16 3
6_15_16 12, 4, 8, 16, 9, 1
3_20_00 13, 5, 1
7_28_10 8, 16, 4, 12, 13, 5, 9
4_29_18 13, 5, 9, 1
1_14_20 10
6_15_12 10, 2, 6, 14, 7, 15
2_14_02 1, 9
5_22_16 10, 2, 6, 14, 7
6_15_14 11, 3, 7, 15, 8, 16
7_6_16 10, 2, 6, 14, 7, 15, 3
4_25_06 6, 14, 2, 10
6_11_00 3, 11, 15, 7, 4, 12
3_15_00 4,12, 8
7_10_14 10, 2, 6, 14, 7, 15, 3
1_11_20 5
3_17_20 11, 3, 7
7_3_06 4, 12, 16, 8, 13, 5, 9
3_22_06 1, 9, 13
3_24_06 1, 9, 5
4_18_10 6, 14, 2, 10
1_2_14 4
2_11_08 7, 15
1_31_02 13
3_26_06 2, 10, 14
8_12_20 13, 5, 9, 1, 14, 6, 10, 2
1_9_04 5
1_14_14 7
8_15_12 10, 2, 6, 14, 7, 15, 3, 11
1_11_18 4
4_21_22 13, 5, 9, 1
5_23_14 9, 1, 5, 13, 2
7_25_08 7, 15, 3, 11, 8, 16, 4
6_21_18 11, 3, 7, 15, 12, 4
4_15_16 12, 4, 8, 16
8_22_12 8, 16, 4, 12, 9, 1, 5, 13
7_11_20 13, 5, 9, 1, 6, 14, 2
2_31_10 9, 1
1_30_20 10
1_10_22 10
1_13_04 6
3_18_00 13, 5, 9
6_26_16 11, 3, 7, 15, 8, 16
5_13_10 9, 1, 5, 13, 6
8_3_20 11, 3, 7, 15, 12, 4, 8, 16
4_4_22 12, 4, 8, 16
2_19_22 12, 4
8_4_20 11, 3, 7, 15, 12, 4, 8, 16
4_18_06 4, 12, 16, 8
8_16_02 5, 13, 1, 9, 2, 10, 14, 6
4_22_18 11, 3, 7, 15
3_25_18 12, 4, 8
2_27_04 5, 13
2_11_10 8, 16
1_5_18 11
1_30_02 1
2_14_12 6, 14
3_17_10 6, 14, 2
2_10_02 16, 8
4_13_08 8, 16, 4, 12
1_19_22 4
1_16_14 15
7_10_22 14, 6, 10, 2, 11, 3, 7
7_11_18 12, 4, 8, 16, 5, 13, 1
2_4_00 13, 5
1_16_16 16
7_24_08 6, 14, 2, 10, 11, 3, 7
8_22_08 6, 14, 2, 10, 7, 15, 3, 11
2_4_14 4, 12
5_6_14 9, 1, 5, 13, 6
2_24_02 15, 7
4_2_18 10, 2, 6, 14
5_11_20 13, 5, 9, 1, 6
8_18_22 12, 4, 8, 16, 13, 5, 9, 1
5_5_02 3, 11, 15, 7, 4
7_12_14 10, 2, 6, 14, 15, 7, 11
5_30_14 11, 3, 7, 15, 4
3_2_22 8, 16, 4
4_25_10 8, 16, 4, 12
1_27_20 5
6_18_12 7, 15, 3, 11, 4, 12
7_24_14 9, 1, 5, 13, 14, 6, 10
1_23_12 16
3_6_10 3, 11, 15
7_18_10 6, 14, 2, 10, 3, 11, 15
8_28_12 9, 1, 5, 13, 10, 2, 6, 14
3_12_18 8, 16, 12
4_31_22 15, 7, 11, 3
7_27_12 9, 1, 5, 13, 2, 10, 14
6_7_08 6, 14, 2, 10, 7, 15
4_19_22 12, 4, 8, 16
4_28_02 4, 12, 16, 8
1_12_12 13
3_3_04 3, 11, 7
1_23_00 10
2_26_18 8, 16
4_17_04 3, 11, 15, 7
6_10_00 3, 11, 15, 7, 16, 8
8_30_02 5, 13, 1, 9, 2, 10, 14, 6
8_20_22 12, 4, 8, 16, 13, 5, 9, 1
5_20_18 10, 2, 6, 14, 15
7_15_18 13, 5, 9, 1, 2, 10, 14
6_23_16 10, 2, 6, 14, 11, 3
6_23_20 12, 4, 8, 16, 13, 5
2_23_04 4, 12
2_3_10 6, 14
7_22_14 9, 1, 5, 13, 6, 14, 2
6_14_06 7, 15, 3, 11, 16, 8
4_25_02 4, 12, 16, 8
3_23_18 11, 3, 15
4_16_16 12, 4, 8, 16
5_25_02 4, 12, 16, 8, 5
5_11_06 6, 14, 2, 10, 15
7_3_16 9, 1, 5, 13, 2, 10, 14
8_7_02 3, 11, 15, 7, 4, 12, 16, 8
6_18_10 6, 14, 2, 10, 3, 11
7_21_10 7, 15, 3, 11, 8, 16, 4
3_29_08 8, 16, 4
2_30_12 6, 14
5_15_10 9, 1, 5, 13, 14
2_20_14 4, 12
7_10_06 6, 14, 2, 10, 3, 11, 15
8_28_18 12, 4, 8, 16, 13, 5, 9, 1
6_20_14 8, 16, 4, 12, 5, 13
7_18_12 7, 15, 3, 11, 4, 12, 16
8_13_20 14, 6, 10, 2, 11, 3, 7, 15
5_26_14 10, 2, 6, 14, 7
2_5_22 13, 5
8_14_22 15, 7, 11, 3, 12, 4, 8, 16
1_17_10 6
1_11_10 16
1_30_18 9
4_26_14 10, 2, 6, 14
7_22_04 4, 12, 16, 8, 1, 9, 13
7_3_02 2, 10, 14, 6, 11, 3, 7
2_15_16 12, 4
4_18_12 7, 15, 3, 11
5_16_14 11, 3, 7, 15, 12
3_8_08 2, 10, 6
1_17_16 9
4_28_10 8, 16, 4, 12
6_17_20 11, 3, 7, 15, 12, 4
7_15_20 14, 6, 10, 2, 3, 11, 15
7_29_16 12, 4, 8, 16, 9, 1, 5
2_27_22 14, 6
1_18_18 6
7_1_18 10, 2, 6, 14, 11, 3, 7
5_12_14 10, 2, 6, 14, 15
3_25_08 7, 15, 3
4_13_02 5, 13, 1, 9
4_6_16 10, 2, 6, 14
3_12_16 7, 15, 11
1_20_10 10
5_14_12 10, 2, 6, 14, 3
4_26_00 3, 11, 15, 7
4_2_20 11, 3, 7, 15
4_9_20 13, 5, 9, 1
6_24_04 4, 12, 16, 8, 1, 9
3_28_16 7, 15, 11
3_4_02 14, 6, 2
4_23_00 2, 10, 14, 6
4_22_00 2, 10, 14, 6
8_25_20 13, 5, 9, 1, 14, 6, 10, 2
7_11_06 6, 14, 2, 10, 15, 7, 11
5_8_22 13, 5, 9, 1, 2
7_17_14 8, 16, 4, 12, 9, 1, 5
6_15_02 5, 13, 1, 9, 2, 10
1_24_14 13
7_1_22 12, 4, 8, 16, 13, 5, 9
4_6_00 2, 10, 14, 6
2_16_04 2, 10
5_15_06 7, 15, 3, 11, 12
8_24_02 3, 11, 15, 7, 4, 12, 16, 8
7_17_08 5, 13, 1, 9, 6, 14, 2
7_4_22 12, 4, 8, 16, 1, 9, 13
2_30_16 8, 16
1_15_18 5
8_4_18 10, 2, 6, 14, 11, 3, 7, 15
2_31_02 5, 13
1_24_02 7
3_12_12 5, 13, 9
1_18_22 8
1_28_10 12
3_22_02 15, 7, 11
6_8_22 13, 5, 9, 1, 10, 2
5_6_00 2, 10, 14, 6, 15
6_26_12 9, 1, 5, 13, 6, 14
8_5_20 12, 4, 8, 16, 13, 5, 9, 1
1_14_10 5
1_15_02 13
3_16_00 16, 8, 4
8_9_16 11, 3, 7, 15, 12, 4, 8, 16
1_22_14 5
2_23_18 11, 3
1_3_18 2
7_23_16 10, 2, 6, 14, 3, 11, 15
1_15_08 16
2_14_16 8, 16
1_8_20 16
8_27_12 9, 1, 5, 13, 10, 2, 6, 14
2_10_18 8, 16
3_23_10 7, 15, 11
8_31_22 15, 7, 11, 3, 12, 4, 8, 16
2_4_06 16, 8
7_23_00 2, 10, 14, 6, 11, 3, 7
5_8_08 6, 14, 2, 10, 11
5_30_08 8, 16, 4, 12, 1
7_30_14 11, 3, 7, 15, 4, 12, 16
2_12_00 15, 7
7_9_22 14, 6, 10, 2, 15, 7, 11
6_22_08 6, 14, 2, 10, 3, 11
3_21_02 3, 11, 15
8_15_20 14, 6, 10, 2, 11, 3, 7, 15
8_24_22 13, 5, 9, 1, 14, 6, 10, 2
3_25_02 4, 12, 16
2_19_02 2, 10
3_13_16 12, 4, 8
6_16_10 9, 1, 5, 13, 2, 10
1_28_16 15
6_5_18 11, 3, 7, 15, 12, 4
4_10_14 10, 2, 6, 14
4_1_14 8, 16, 4, 12
4_27_16 11, 3, 7, 15
5_14_08 8, 16, 4, 12, 1
5_16_04 6, 14, 2, 10, 7
5_27_02 4, 12, 16, 8, 13
5_21_06 5, 13, 1, 9, 6
7_26_22 14, 6, 10, 2, 11, 3, 7
5_21_12 8, 16, 4, 12, 9
7_29_10 9, 1, 5, 13, 6, 14, 2
7_9_12 9, 1, 5, 13, 10, 2, 6
1_10_18 8
8_16_04 6, 14, 2, 10, 3, 11, 15, 7
1_10_14 6
6_12_16 11, 3, 7, 15, 8, 16
8_7_18 11, 3, 7, 15, 12, 4, 8, 16
4_17_10 6, 14, 2, 10
2_25_12 9, 1
5_30_10 9, 1, 5, 13, 2
7_10_02 4, 12, 16, 8, 1, 9, 13
1_24_06 9
5_19_18 10, 2, 6, 14, 3
5_31_10 9, 1, 5, 13, 14
2_13_16 12, 4
7_5_16 10, 2, 6, 14, 11, 3, 7
1_1_14 8
5_13_18 13, 5, 9, 1, 10
4_20_14 8, 16, 4, 12
5_31_20 14, 6, 10, 2, 3
7_22_10 7, 15, 3, 11, 4, 12, 16
8_13_10 9, 1, 5, 13, 6, 14, 2, 10
6_16_02 5, 13, 1, 9, 14, 6
1_11_22 6
8_26_08 7, 15, 3, 11, 8, 16, 4, 12
7_1_10 6, 14, 2, 10, 7, 15, 3
