5_29_12 10, 2, 6, 14, 7
4_31_16 12, 4, 8, 16
2_13_14 11, 3
7_21_14 9, 1, 5, 13, 10, 2, 6
1_5_04 4
3_8_18 7, 15, 11
3_26_20 9, 1, 5
5_3_20 11, 3, 7, 15, 4
6_15_22 15, 7, 11, 3, 12, 4
4_4_02 2, 10, 14, 6
3_13_20 14, 6, 10
6_10_00 3, 11, 15, 7, 16, 8
3_21_18 11, 3, 7
5_25_14 10, 2, 6, 14, 11
8_17_02 2, 10, 14, 6, 3, 11, 15, 7
7_6_00 2, 10, 14, 6, 15, 7, 11
2_19_00 1, 9
2_26_20 9, 1
4_1_10 6, 14, 2, 10
5_23_02 3, 11, 15, 7, 12
7_11_04 5, 13, 1, 9, 14, 6, 10
1_17_06 4
7_27_18 12, 4, 8, 16, 5, 13, 1
7_17_00 1, 9, 13, 5, 2, 10, 14
4_5_20 12, 4, 8, 16
4_11_20 13, 5, 9, 1
4_17_00 1, 9, 13, 5
3_19_10 6, 14, 10
1_21_08 6
8_14_02 5, 13, 1, 9, 2, 10, 14, 6
4_2_00 1, 9, 13, 5
3_3_02 2, 10, 6
2_15_20 14, 6
5_20_08 5, 13, 1, 9, 10
1_14_14 7
3_19_22 12, 4, 16
3_23_06 5, 13, 9
2_20_18 6, 14
4_17_12 7, 15, 3, 11
2_2_00 13, 5
3_5_10 7, 15, 3
2_23_02 3, 11
8_26_18 12, 4, 8, 16, 13, 5, 9, 1
2_2_14 4, 12
2_9_00 3, 11
1_3_20 3
3_11_18 12, 4, 16
1_3_08 13
5_2_00 1, 9, 13, 5, 14
6_28_20 13, 5, 9, 1, 10, 2
8_19_22 12, 4, 8, 16, 13, 5, 9, 1
7_25_04 5, 13, 1, 9, 6, 14, 2
7_25_02 4, 12, 16, 8, 5, 13, 1
6_13_16 12, 4, 8, 16, 9, 1
2_8_20 8, 16
4_17_14 8, 16, 4, 12
8_17_08 5, 13, 1, 9, 6, 14, 2, 10
3_3_06 4, 12, 8
4_12_20 13, 5, 9, 1
1_4_12 11
5_23_06 5, 13, 1, 9, 14
3_12_22 10, 2, 14
1_9_04 5
5_9_04 5, 13, 1, 9, 6
2_17_02 2, 10
8_4_02 2, 10, 14, 6, 3, 11, 15, 7
8_27_18 12, 4, 8, 16, 13, 5, 9, 1
8_11_20 13, 5, 9, 1, 14, 6, 10, 2
3_3_22 12, 4, 16
5_22_04 4, 12, 16, 8, 1
1_8_06 9
5_31_22 15, 7, 11, 3, 4
4_8_00 2, 10, 14, 6
3_23_10 7, 15, 11
5_30_12 10, 2, 6, 14, 3
1_3_14 16
8_17_20 11, 3, 7, 15, 12, 4, 8, 16
3_3_16 9, 1, 13
5_14_08 8, 16, 4, 12, 1
2_6_20 8, 16
8_14_06 7, 15, 3, 11, 4, 12, 16, 8
6_17_02 2, 10, 14, 6, 3, 11
4_9_00 3, 11, 15, 7
7_13_18 13, 5, 9, 1, 10, 2, 6
8_23_22 13, 5, 9, 1, 14, 6, 10, 2
8_21_08 6, 14, 2, 10, 7, 15, 3, 11
1_12_10 12
1_2_06 16
5_27_16 11, 3, 7, 15, 4
3_16_10 5, 13, 9
4_5_00 2, 10, 14, 6
8_26_12 9, 1, 5, 13, 10, 2, 6, 14
2_8_22 9, 1
7_13_14 11, 3, 7, 15, 8, 16, 4
4_31_12 10, 2, 6, 14
4_5_16 10, 2, 6, 14
7_22_00 2, 10, 14, 6, 15, 7, 11
2_21_10 7, 15
6_16_00 4, 12, 16, 8, 13, 5
8_19_04 3, 11, 15, 7, 4, 12, 16, 8
6_12_16 11, 3, 7, 15, 8, 16
6_15_00 4, 12, 16, 8, 1, 9
4_27_14 10, 2, 6, 14
4_11_18 12, 4, 8, 16
7_28_00 3, 11, 15, 7, 8, 16, 4
3_23_00 2, 10, 6
1_17_18 10
7_16_08 8, 16, 4, 12, 9, 1, 5
2_15_00 4,12
8_15_02 5, 13, 1, 9, 2, 10, 14, 6
5_6_00 2, 10, 14, 6, 15
6_14_20 14, 6, 10, 2, 7, 15
3_5_20 12, 4, 8
7_31_12 10, 2, 6, 14, 15, 7, 11
6_7_10 7, 15, 3, 11, 8, 16
3_24_22 9, 1, 13
4_2_08 5, 13, 1, 9
6_5_12 8, 16, 4, 12, 9, 1
1_30_08 4
6_30_02 5, 13, 1, 9, 14, 6
5_14_06 7, 15, 3, 11, 16
3_2_22 8, 16, 4
8_12_18 12, 4, 8, 16, 13, 5, 9, 1
5_5_06 5, 13, 1, 9, 6
8_25_22 14, 6, 10, 2, 15, 7, 11, 3
8_11_22 14, 6, 10, 2, 15, 7, 11, 3
6_3_02 2, 10, 14, 6, 3, 11
4_21_14 9, 1, 5, 13
6_23_02 3, 11, 15, 7, 4, 12
6_1_04 3, 11, 15, 7, 4, 12
1_21_04 4
7_25_00 3, 11, 15, 7, 4, 12, 16
5_23_04 4, 12, 16, 8, 13
3_19_16 9, 1, 13
4_1_18 10, 2, 6, 14
7_21_18 11, 3, 7, 15, 12, 4, 8
5_12_10 8, 16, 4, 12, 13
3_19_18 10, 2, 14
6_10_06 6, 14, 2, 10, 3, 11
3_31_04 6, 14, 10
3_12_00 15, 7, 3
4_14_14 11, 3, 7, 15
6_13_04 6, 14, 2, 10, 3, 11
6_6_10 7, 15, 3, 11, 4, 12
2_22_12 4, 12
7_30_18 13, 5, 9, 1, 6, 14, 2
7_8_22 13, 5, 9, 1, 2, 10, 14
1_29_04 6
5_18_02 2, 10, 14, 6, 15
2_13_04 6, 14
7_1_18 10, 2, 6, 14, 11, 3, 7
2_27_10 8, 16
6_3_20 11, 3, 7, 15, 12, 4
7_22_14 9, 1, 5, 13, 6, 14, 2
6_21_16 10, 2, 6, 14, 11, 3
6_6_22 13, 5, 9, 1, 10, 2
5_1_18 10, 2, 6, 14, 11
8_22_14 9, 1, 5, 13, 10, 2, 6, 14
1_15_04 14
7_20_10 6, 14, 2, 10, 11, 3, 7
7_12_08 7, 15, 3, 11, 12, 4, 8
8_28_02 4, 12, 16, 8, 5, 13, 1, 9
7_29_00 4, 12, 16, 8, 1, 9, 13
7_21_06 5, 13, 1, 9, 6, 14, 2
1_7_10 15
7_7_00 2, 10, 14, 6, 11, 3, 7
5_11_08 7, 15, 3, 11, 16
1_26_20 9
7_9_08 7, 15, 3, 11, 8, 16, 4
1_7_14 1
5_27_14 10, 2, 6, 14, 3
2_4_14 4, 12
3_24_14 5, 13, 9
3_30_10 5, 13, 1
7_8_02 3, 11, 15, 7, 8, 16, 4
1_20_14 12
8_20_14 8, 16, 4, 12, 9, 1, 5, 13
5_4_16 9, 1, 5, 13, 14
7_25_14 10, 2, 6, 14, 11, 3, 7
6_11_04 5, 13, 1, 9, 6, 14
5_21_14 9, 1, 5, 13, 10
8_29_08 8, 16, 4, 12, 5, 13, 1, 9
1_8_12 12
1_23_22 5
6_11_08 7, 15, 3, 11, 8, 16
8_30_14 11, 3, 7, 15, 8, 16, 4, 12
2_5_22 13, 5
7_7_06 5, 13, 1, 9, 14, 6, 10
5_30_02 5, 13, 1, 9, 14
8_31_18 13, 5, 9, 1, 10, 2, 6, 14
5_29_08 8, 16, 4, 12, 5
8_11_10 8, 16, 4, 12, 9, 1, 5, 13
2_8_06 1, 9
1_26_22 10
5_22_06 5, 13, 1, 9, 2
1_7_00 10
4_1_12 7, 15, 3, 11
1_31_16 4
5_4_22 12, 4, 8, 16, 1
7_5_22 13, 5, 9, 1, 14, 6, 10
6_14_08 8, 16, 4, 12, 1, 9
3_1_04 3, 11, 15
4_12_14 10, 2, 6, 14
3_4_12 3, 11, 7
8_17_22 12, 4, 8, 16, 13, 5, 9, 1
6_25_12 9, 1, 5, 13, 10, 2
2_30_06 3, 11
1_10_02 16
7_30_14 11, 3, 7, 15, 4, 12, 16
5_31_12 10, 2, 6, 14, 15
1_18_12 3
4_7_10 7, 15, 3, 11
5_8_04 4, 12, 16, 8, 9
8_2_22 12, 4, 8, 16, 13, 5, 9, 1
7_23_14 9, 1, 5, 13, 2, 10, 14
3_5_04 4, 12, 16
7_24_12 8, 16, 4, 12, 13, 5, 9
2_22_20 8, 16
3_9_14 10, 2, 6
2_15_10 9, 1
1_22_00 14
3_23_08 6, 14, 10
4_17_08 5, 13, 1, 9
7_15_04 6, 14, 2, 10, 11, 3, 7
8_16_16 12, 4, 8, 16, 9, 1, 5, 13
7_23_06 5, 13, 1, 9, 14, 6, 10
6_26_22 14, 6, 10, 2, 11, 3
5_11_20 13, 5, 9, 1, 6
5_26_08 7, 15, 3, 11, 4
3_10_08 3, 11, 15
5_25_16 11, 3, 7, 15, 12
5_1_08 5, 13, 1, 9, 6
7_3_20 11, 3, 7, 15, 4, 12, 16
4_6_14 9, 1, 5, 13
2_19_18 10, 2
6_20_02 2, 10, 14, 6, 15, 7
1_12_22 2
2_11_16 11, 3
4_17_02 2, 10, 14, 6
2_12_08 3, 11
7_28_04 5, 13, 1, 9, 10, 2, 6
2_30_12 6, 14
8_14_12 10, 2, 6, 14, 7, 15, 3, 11
5_13_00 4, 12, 16, 8, 1
1_31_02 13
6_18_14 8, 16, 4, 12, 5, 13
7_27_12 9, 1, 5, 13, 2, 10, 14
1_5_16 10
6_19_18 10, 2, 6, 14, 11, 3
3_3_04 3, 11, 7
4_23_02 3, 11, 15, 7
6_17_12 7, 15, 3, 11, 8, 16
2_27_22 14, 6
3_15_06 7, 15, 11
2_31_22 15, 7
8_6_18 11, 3, 7, 15, 12, 4, 8, 16
5_24_16 10, 2, 6, 14, 15
5_4_00 1, 9, 13, 5, 6
8_13_20 14, 6, 10, 2, 11, 3, 7, 15
6_28_02 4, 12, 16, 8, 1, 9
8_20_22 12, 4, 8, 16, 13, 5, 9, 1
7_28_02 4, 12, 16, 8, 9, 1, 5
4_31_10 9, 1, 5, 13
3_29_18 13, 5, 9
4_20_12 7, 15, 3, 11
8_18_10 6, 14, 2, 10, 7, 15, 3, 11
6_23_04 4, 12, 16, 8, 5, 13
5_7_16 10, 2, 6, 14, 3
2_1_04 3, 11
4_19_20 11, 3, 7, 15
8_26_06 6, 14, 2, 10, 7, 15, 3, 11
1_29_02 5
8_5_10 7, 15, 3, 11, 8, 16, 4, 12
6_29_06 7, 15, 3, 11, 4, 12
7_22_12 8, 16, 4, 12, 5, 13, 1
8_17_16 9, 1, 5, 13, 10, 2, 6, 14
2_2_04 15, 7
5_28_08 7, 15, 3, 11, 12
5_10_06 6, 14, 2, 10, 3
4_18_18 10, 2, 6, 14
6_13_12 10, 2, 6, 14, 7, 15
5_1_20 11, 3, 7, 15, 12
4_31_20 14, 6, 10, 2
3_29_02 5, 13, 1
6_31_12 10, 2, 6, 14, 7, 15
5_26_02 4, 12, 16, 8, 1
4_10_18 12, 4, 8, 16
3_21_16 10, 2, 6
8_5_06 5, 13, 1, 9, 6, 14, 2, 10
2_26_16 7, 15
3_11_00 3, 11, 7
7_4_10 6, 14, 2, 10, 11, 3, 7
8_24_10 7, 15, 3, 11, 8, 16, 4, 12
3_4_16 5, 13, 9
5_27_04 5, 13, 1, 9, 14
5_23_12 8, 16, 4, 12, 1
1_14_18 9
2_20_10 2, 10
2_5_16 10, 2
7_6_22 13, 5, 9, 1, 10, 2, 6
7_6_18 11, 3, 7, 15, 8, 16, 4
8_6_20 12, 4, 8, 16, 13, 5, 9, 1
5_31_10 9, 1, 5, 13, 14
5_13_18 13, 5, 9, 1, 10
5_16_18 13, 5, 9, 1, 14
1_30_12 6
5_24_06 5, 13, 1, 9, 10
4_15_00 4,12, 16, 8
7_6_12 8, 16, 4, 12, 5, 13, 1
7_4_00 1, 9, 13, 5, 6, 14, 2
5_16_14 11, 3, 7, 15, 12
5_11_12 9, 1, 5, 13, 2
4_10_00 3, 11, 15, 7
6_5_02 3, 11, 15, 7, 4, 12
6_14_10 9, 1, 5, 13, 2, 10
7_26_18 12, 4, 8, 16, 9, 1, 5
6_19_02 2, 10, 14, 6, 3, 11
7_21_10 7, 15, 3, 11, 8, 16, 4
1_15_06 15
6_4_08 5, 13, 1, 9, 2, 10
5_23_10 7, 15, 3, 11, 16
5_21_18 11, 3, 7, 15, 12
6_22_18 11, 3, 7, 15, 8, 16
6_31_00 4, 12, 16, 8, 1, 9
5_6_16 10, 2, 6, 14, 7
2_22_22 9, 1
6_1_22 12, 4, 8, 16, 13, 5
1_9_10 8
5_22_14 9, 1, 5, 13, 6
4_3_04 3, 11, 15, 7
1_8_08 10
8_31_16 12, 4, 8, 16, 9, 1, 5, 13
8_30_18 13, 5, 9, 1, 10, 2, 6, 14
8_21_12 8, 16, 4, 12, 9, 1, 5, 13
4_23_22 13, 5, 9, 1
7_17_14 8, 16, 4, 12, 9, 1, 5
1_6_18 7
5_16_02 5, 13, 1, 9, 6
3_16_16 8, 16, 12
6_23_12 8, 16, 4, 12, 9, 1
2_21_18 11, 3
6_26_16 11, 3, 7, 15, 8, 16
3_16_12 6, 14, 10
8_31_12 10, 2, 6, 14, 7, 15, 3, 11
8_29_16 12, 4, 8, 16, 9, 1, 5, 13
4_4_00 1, 9, 13, 5
4_25_00 3, 11, 15, 7
2_9_12 9, 1
8_12_04 5, 13, 1, 9, 6, 14, 2, 10
7_10_08 7, 15, 3, 11, 4, 12, 16
5_9_00 3, 11, 15, 7, 4
6_9_18 12, 4, 8, 16, 13, 5
6_2_16 9, 1, 5, 13, 6, 14
4_24_02 3, 11, 15, 7
7_19_08 5, 13, 1, 9, 14, 6, 10
1_6_08 2
4_10_22 14, 6, 10, 2
6_25_00 3, 11, 15, 7, 4, 12
8_31_10 9, 1, 5, 13, 6, 14, 2, 10
7_13_22 15, 7, 11, 3, 12, 4, 8
4_3_18 10, 2, 6, 14
1_29_16 12
2_2_20 7, 15
6_31_14 11, 3, 7, 15, 8, 16
8_13_06 7, 15, 3, 11, 4, 12, 16, 8
6_19_12 7, 15, 3, 11, 8, 16
3_31_22 15, 7, 3
5_19_16 9, 1, 5, 13, 2
2_28_14 6, 14
8_22_20 12, 4, 8, 16, 13, 5, 9, 1
6_1_18 10, 2, 6, 14, 11, 3
5_3_04 3, 11, 15, 7, 12
2_5_06 5, 13
8_24_12 8, 16, 4, 12, 9, 1, 5, 13
8_31_02 5, 13, 1, 9, 2, 10, 14, 6
3_13_22 15, 7, 11
1_13_08 8
8_2_14 8, 16, 4, 12, 9, 1, 5, 13
2_10_08 3, 11
5_13_20 14, 6, 10, 2, 11
6_31_02 5, 13, 1, 9, 2, 10
4_16_20 14, 6, 10, 2
8_23_18 11, 3, 7, 15, 12, 4, 8, 16
8_17_18 10, 2, 6, 14, 11, 3, 7, 15
3_14_00 16, 8, 12
3_3_08 5, 13, 9
1_15_00 12
7_28_10 8, 16, 4, 12, 13, 5, 9
7_16_16 12, 4, 8, 16, 13, 5, 9
3_26_14 6, 14, 2
5_19_18 10, 2, 6, 14, 3
1_21_16 10
6_19_08 5, 13, 1, 9, 6, 14
2_10_16 7, 15
2_6_12 4, 12
8_3_06 4, 12, 16, 8, 5, 13, 1, 9
8_6_08 6, 14, 2, 10, 7, 15, 3, 11
3_10_00 15, 7, 11
5_5_16 10, 2, 6, 14, 11
7_10_14 10, 2, 6, 14, 7, 15, 3
7_18_20 11, 3, 7, 15, 8, 16, 4
7_7_18 11, 3, 7, 15, 4, 12, 16
6_7_14 9, 1, 5, 13, 10, 2
4_8_12 8, 16, 4, 12
8_30_00 4, 12, 16, 8, 1, 9, 13, 5
8_20_02 2, 10, 14, 6, 3, 11, 15, 7
7_8_00 2, 10, 14, 6, 7, 15, 3
2_28_04 1, 9
8_7_14 9, 1, 5, 13, 10, 2, 6, 14
1_26_18 8
4_5_12 8, 16, 4, 12
5_21_20 12, 4, 8, 16, 13
6_8_14 9, 1, 5, 13, 6, 14
6_8_12 8, 16, 4, 12, 5, 13
4_26_06 6, 14, 2, 10
8_3_20 11, 3, 7, 15, 12, 4, 8, 16
3_15_16 12, 4, 16
7_2_08 5, 13, 1, 9, 2, 10, 14
3_14_20 10, 2, 6
5_2_08 5, 13, 1, 9, 2
7_24_02 3, 11, 15, 7, 8, 16, 4
1_24_16 14
2_6_10 3, 11
3_11_12 9, 1, 13
8_17_12 7, 15, 3, 11, 8, 16, 4, 12
6_30_04 6, 14, 2, 10, 15, 7
7_6_16 10, 2, 6, 14, 7, 15, 3
6_1_14 8, 16, 4, 12, 9, 1
7_23_04 4, 12, 16, 8, 13, 5, 9
2_15_14 11, 3
7_22_16 10, 2, 6, 14, 7, 15, 3
8_8_06 5, 13, 1, 9, 6, 14, 2, 10
5_8_06 5, 13, 1, 9, 10
5_5_10 7, 15, 3, 11, 8
5_2_04 3, 11, 15, 7, 16
6_30_12 10, 2, 6, 14, 3, 11
2_23_16 10, 2
3_14_08 4, 12, 16
2_28_02 16, 8
7_11_08 7, 15, 3, 11, 16, 8, 12
5_20_02 2, 10, 14, 6, 7
5_26_16 11, 3, 7, 15, 8
1_27_10 16
7_17_08 5, 13, 1, 9, 6, 14, 2
5_12_06 6, 14, 2, 10, 11
4_30_10 9, 1, 5, 13
5_13_04 6, 14, 2, 10, 3
3_1_00 1, 9, 13
5_9_08 7, 15, 3, 11, 8
4_11_22 14, 6, 10, 2
1_30_02 1
3_27_00 3, 11, 7
5_24_20 12, 4, 8, 16, 1
1_9_06 6
8_8_08 6, 14, 2, 10, 7, 15, 3, 11
7_21_12 8, 16, 4, 12, 9, 1, 5
6_23_20 12, 4, 8, 16, 13, 5
2_21_14 9, 1
7_23_16 10, 2, 6, 14, 3, 11, 15
5_29_10 9, 1, 5, 13, 6
8_13_10 9, 1, 5, 13, 6, 14, 2, 10
8_24_18 11, 3, 7, 15, 12, 4, 8, 16
8_1_08 5, 13, 1, 9, 6, 14, 2, 10
3_6_10 3, 11, 15
4_25_18 12, 4, 8, 16
7_23_10 7, 15, 3, 11, 16, 8, 12
1_2_02 14
2_29_10 9, 1
8_13_14 11, 3, 7, 15, 8, 16, 4, 12
3_8_08 2, 10, 6
3_5_02 3, 11, 15
1_15_18 5
4_8_18 11, 3, 7, 15
7_4_04 3, 11, 15, 7, 8, 16, 4
5_4_06 4, 12, 16, 8, 9
2_28_18 8, 16
4_14_16 12, 4, 8, 16
3_25_18 12, 4, 8
4_21_00 2, 10, 14, 6
7_24_16 10, 2, 6, 14, 15, 7, 11
1_3_12 15
3_28_18 8, 16, 12
6_12_12 9, 1, 5, 13, 6, 14
3_12_04 1, 9, 5
8_14_04 6, 14, 2, 10, 3, 11, 15, 7
2_28_06 2, 10
1_17_12 7
1_18_06 16
8_24_22 13, 5, 9, 1, 14, 6, 10, 2
6_20_20 11, 3, 7, 15, 8, 16
1_9_02 4
7_3_16 9, 1, 5, 13, 2, 10, 14
1_30_00 16
7_1_10 6, 14, 2, 10, 7, 15, 3
8_12_16 11, 3, 7, 15, 12, 4, 8, 16
6_13_10 9, 1, 5, 13, 6, 14
7_17_22 12, 4, 8, 16, 13, 5, 9
1_25_22 14
5_10_16 11, 3, 7, 15, 8
3_27_02 4, 12, 8
5_17_18 10, 2, 6, 14, 11
5_14_16 12, 4, 8, 16, 5
6_17_08 5, 13, 1, 9, 6, 14
8_26_00 3, 11, 15, 7, 4, 12, 16, 8
4_30_02 5, 13, 1, 9
4_8_06 5, 13, 1, 9
7_19_02 2, 10, 14, 6, 11, 3, 7
8_16_02 5, 13, 1, 9, 2, 10, 14, 6
5_31_00 4, 12, 16, 8, 9
1_6_02 15
2_18_00 13, 5
5_11_02 4, 12, 16, 8, 13
3_6_12 4, 12, 16
2_23_20 12, 4
2_18_12 3, 11
2_6_22 9, 1
1_25_18 12
2_7_04 4, 12
3_9_04 5, 13, 1
4_5_06 5, 13, 1, 9
3_1_16 9, 1, 5
3_24_12 4, 12, 8
4_20_06 4, 12, 16, 8
3_30_18 9, 1, 5
7_29_14 11, 3, 7, 15, 8, 16, 4
6_5_04 4, 12, 16, 8, 5, 13
8_26_02 4, 12, 16, 8, 5, 13, 1, 9
6_13_02 5, 13, 1, 9, 2, 10
4_12_22 14, 6, 10, 2
5_27_18 12, 4, 8, 16, 5
4_30_08 8, 16, 4, 12
7_14_02 5, 13, 1, 9, 14, 6, 10
5_28_06 6, 14, 2, 10, 11
4_21_10 7, 15, 3, 11
1_20_10 10
8_13_00 4, 12, 16, 8, 1, 9, 13, 5
8_15_06 7, 15, 3, 11, 4, 12, 16, 8
6_7_02 3, 11, 15, 7, 4, 12
6_29_16 12, 4, 8, 16, 9, 1
6_27_22 14, 6, 10, 2, 15, 7
3_31_14 11, 3, 15
4_26_04 5, 13, 1, 9
8_5_14 9, 1, 5, 13, 10, 2, 6, 14
1_19_14 16
6_20_16 9, 1, 5, 13, 6, 14
8_27_14 10, 2, 6, 14, 11, 3, 7, 15
5_4_02 2, 10, 14, 6, 7
2_3_22 12, 4
2_24_12 4, 12
8_5_18 11, 3, 7, 15, 12, 4, 8, 16
1_1_02 2
5_19_22 12, 4, 8, 16, 5
2_11_14 10, 2
5_30_22 15, 7, 11, 3, 8
1_18_08 1
7_14_10 9, 1, 5, 13, 2, 10, 14
8_5_04 4, 12, 16, 8, 5, 13, 1, 9
7_3_14 8, 16, 4, 12, 1, 9, 13
7_31_20 14, 6, 10, 2, 3, 11, 15
7_25_10 8, 16, 4, 12, 9, 1, 5
8_5_16 10, 2, 6, 14, 11, 3, 7, 15
8_18_08 5, 13, 1, 9, 6, 14, 2, 10
3_1_18 10, 2, 6
2_29_14 11, 3
8_21_02 3, 11, 15, 7, 4, 12, 16, 8
4_22_14 9, 1, 5, 13
2_25_02 4, 12
2_2_08 1, 9
8_9_14 10, 2, 6, 14, 11, 3, 7, 15
3_5_00 2, 10, 14
4_25_10 8, 16, 4, 12
8_25_00 3, 11, 15, 7, 4, 12, 16, 8
7_24_22 13, 5, 9, 1, 2, 10, 14
8_23_12 8, 16, 4, 12, 9, 1, 5, 13
8_5_20 12, 4, 8, 16, 13, 5, 9, 1
8_16_12 10, 2, 6, 14, 7, 15, 3, 11
7_5_04 4, 12, 16, 8, 5, 13, 1
2_4_00 13, 5
1_11_18 4
3_13_16 12, 4, 8
1_20_18 14
3_30_04 2, 10, 14
5_20_12 7, 15, 3, 11, 12
7_24_10 7, 15, 3, 11, 12, 4, 8
3_7_04 4, 12, 8
4_24_22 13, 5, 9, 1
3_8_06 1, 9, 5
3_28_06 2, 10, 6
1_30_14 7
3_26_08 3, 11, 15
1_9_18 12
1_23_18 3
8_17_04 3, 11, 15, 7, 4, 12, 16, 8
7_7_14 9, 1, 5, 13, 2, 10, 14
3_28_14 6, 14, 10
8_12_10 8, 16, 4, 12, 9, 1, 5, 13
8_29_20 14, 6, 10, 2, 11, 3, 7, 15
2_7_02 3, 11
5_19_08 5, 13, 1, 9, 14
7_12_06 6, 14, 2, 10, 11, 3, 7
4_13_22 15, 7, 11, 3
4_18_12 7, 15, 3, 11
4_12_12 9, 1, 5, 13
2_31_20 14, 6
7_11_22 14, 6, 10, 2, 7, 15, 3
7_6_10 7, 15, 3, 11, 4, 12, 16
7_31_10 9, 1, 5, 13, 14, 6, 10
2_14_22 11, 3
4_15_22 15, 7, 11, 3
7_16_22 15, 7, 11, 3, 16, 8, 12
4_8_20 12, 4, 8, 16
3_18_08 1, 9, 13
8_13_08 8, 16, 4, 12, 5, 13, 1, 9
2_10_06 2, 10
6_5_08 6, 14, 2, 10, 7, 15
1_10_08 3
8_30_08 8, 16, 4, 12, 5, 13, 1, 9
5_27_22 14, 6, 10, 2, 7
8_7_06 5, 13, 1, 9, 6, 14, 2, 10
8_8_02 3, 11, 15, 7, 4, 12, 16, 8
7_13_20 14, 6, 10, 2, 11, 3, 7
7_20_20 11, 3, 7, 15, 16, 8, 12
3_10_04 1, 9, 13
1_13_02 5
5_8_14 9, 1, 5, 13, 14
1_27_08 15
2_16_22 11, 3
2_3_18 10, 2
4_24_04 4, 12, 16, 8
4_2_14 8, 16, 4, 12
1_28_14 14
7_15_12 10, 2, 6, 14, 15, 7, 11
3_1_08 5, 13, 1
8_4_20 11, 3, 7, 15, 12, 4, 8, 16
1_9_16 11
1_8_18 15
6_7_00 2, 10, 14, 6, 3, 11
4_6_12 8, 16, 4, 12
4_16_04 6, 14, 2, 10
3_16_18 9, 1, 13
3_23_02 3, 11, 7
1_1_06 4
6_18_18 10, 2, 6, 14, 7, 15
2_17_12 7, 15
2_21_00 2, 10
3_4_06 16, 8, 4
1_24_12 12
8_23_04 4, 12, 16, 8, 5, 13, 1, 9
7_19_20 11, 3, 7, 15, 4, 12, 16
5_21_16 10, 2, 6, 14, 11
4_2_16 9, 1, 5, 13
6_30_18 13, 5, 9, 1, 6, 14
8_20_00 1, 9, 13, 5, 2, 10, 14, 6
4_16_18 13, 5, 9, 1
5_2_10 6, 14, 2, 10, 3
7_3_22 12, 4, 8, 16, 5, 13, 1
4_13_08 8, 16, 4, 12
1_8_22 1
1_12_00 7
4_10_08 7, 15, 3, 11
3_14_10 5, 13, 1
2_3_16 9, 1
2_19_08 5, 13
2_17_10 6, 14
1_19_10 14
4_1_16 9, 1, 5, 13
5_2_02 2, 10, 14, 6, 15
4_23_12 8, 16, 4, 12
2_25_18 12, 4
4_16_12 10, 2, 6, 14
6_14_04 6, 14, 2, 10, 15, 7
4_23_14 9, 1, 5, 13
8_4_14 8, 16, 4, 12, 9, 1, 5, 13
5_19_12 7, 15, 3, 11, 16
6_2_20 11, 3, 7, 15, 8, 16
1_13_18 13
4_11_04 5, 13, 1, 9
3_24_10 3, 11, 7
7_1_00 1, 9, 13, 5, 2, 10, 14
2_16_14 7, 15
6_3_06 4, 12, 16, 8, 5, 13
7_30_22 15, 7, 11, 3, 8, 16, 4
7_8_20 12, 4, 8, 16, 1, 9, 13
3_29_04 6, 14, 2
4_19_14 8, 16, 4, 12
1_29_00 4
1_28_06 10
5_30_08 8, 16, 4, 12, 1
1_13_20 14
3_11_14 10, 2, 14
2_28_12 5, 13
6_2_06 4, 12, 16, 8, 1, 9
5_1_00 1, 9, 13, 5, 2
6_8_18 11, 3, 7, 15, 8, 16
6_16_04 6, 14, 2, 10, 15, 7
5_20_16 9, 1, 5, 13, 14
5_19_00 1, 9, 13, 5, 10
8_8_04 4, 12, 16, 8, 5, 13, 1, 9
1_27_20 5
4_31_00 4,12, 16, 8
4_25_04 5, 13, 1, 9
6_18_20 11, 3, 7, 15, 8, 16
6_27_06 6, 14, 2, 10, 7, 15
1_27_12 1
3_30_12 6, 14, 2
3_2_02 14, 6, 10
5_4_18 10, 2, 6, 14, 15
3_31_20 14, 6, 2
6_4_18 10, 2, 6, 14, 7, 15
7_19_16 9, 1, 5, 13, 2, 10, 14
7_30_16 12, 4, 8, 16, 5, 13, 1
3_3_14 8, 16, 12
5_20_06 4, 12, 16, 8, 9
5_14_14 11, 3, 7, 15, 4
8_9_22 14, 6, 10, 2, 15, 7, 11, 3
6_6_12 8, 16, 4, 12, 5, 13
7_9_10 8, 16, 4, 12, 9, 1, 5
6_15_16 12, 4, 8, 16, 9, 1
7_9_06 6, 14, 2, 10, 7, 15, 3
8_8_18 11, 3, 7, 15, 12, 4, 8, 16
3_10_02 16, 8, 12
2_25_06 6, 14
4_5_04 4, 12, 16, 8
8_15_08 8, 16, 4, 12, 5, 13, 1, 9
6_3_10 6, 14, 2, 10, 7, 15
6_9_04 5, 13, 1, 9, 6, 14
4_20_04 3, 11, 15, 7
7_20_16 9, 1, 5, 13, 14, 6, 10
3_11_06 6, 14, 10
5_29_04 6, 14, 2, 10, 3
7_25_08 7, 15, 3, 11, 8, 16, 4
1_5_14 9
6_18_10 6, 14, 2, 10, 3, 11
1_1_14 8
3_8_16 6, 14, 10
7_27_02 4, 12, 16, 8, 13, 5, 9
8_31_08 8, 16, 4, 12, 5, 13, 1, 9
4_14_02 5, 13, 1, 9
3_25_16 11, 3, 7
6_13_14 11, 3, 7, 15, 8, 16
6_3_16 9, 1, 5, 13, 10, 2
6_8_00 2, 10, 14, 6, 15, 7
4_28_18 12, 4, 8, 16
6_8_22 13, 5, 9, 1, 10, 2
4_16_16 12, 4, 8, 16
6_14_12 10, 2, 6, 14, 3, 11
1_14_22 11
5_20_18 10, 2, 6, 14, 15
1_13_06 7
3_23_12 8, 16, 12
3_28_04 1, 9, 5
8_29_04 6, 14, 2, 10, 3, 11, 15, 7
6_23_08 6, 14, 2, 10, 7, 15
2_24_06 1, 9
1_27_18 4
4_7_06 5, 13, 1, 9
5_2_22 12, 4, 8, 16, 9
8_16_06 7, 15, 3, 11, 4, 12, 16, 8
2_3_20 11, 3
2_30_18 9, 1
7_4_12 7, 15, 3, 11, 12, 4, 8
1_31_06 15
1_5_10 7
7_10_02 4, 12, 16, 8, 1, 9, 13
5_14_20 14, 6, 10, 2, 7
7_2_12 7, 15, 3, 11, 4, 12, 16
8_13_12 10, 2, 6, 14, 7, 15, 3, 11
1_29_12 10
4_20_18 10, 2, 6, 14
8_14_00 4, 12, 16, 8, 1, 9, 13, 5
8_8_12 8, 16, 4, 12, 9, 1, 5, 13
8_20_10 6, 14, 2, 10, 7, 15, 3, 11
2_23_08 6, 14
8_1_02 2, 10, 14, 6, 3, 11, 15, 7
1_18_00 13
6_14_22 15, 7, 11, 3, 8, 16
8_11_14 10, 2, 6, 14, 11, 3, 7, 15
2_5_10 7, 15
1_4_18 14
5_29_22 15, 7, 11, 3, 12
5_10_10 8, 16, 4, 12, 5
1_27_16 3
3_2_04 15, 7, 11
2_16_12 6, 14
1_18_02 14
8_10_18 12, 4, 8, 16, 13, 5, 9, 1
2_30_10 5, 13
4_8_16 10, 2, 6, 14
5_17_06 4, 12, 16, 8, 5
1_11_10 16
4_20_02 2, 10, 14, 6
6_16_16 12, 4, 8, 16, 5, 13
8_14_20 14, 6, 10, 2, 11, 3, 7, 15
7_18_10 6, 14, 2, 10, 3, 11, 15
1_1_18 10
3_7_20 12, 4, 16
6_28_22 14, 6, 10, 2, 11, 3
4_21_06 5, 13, 1, 9
4_15_02 5, 13, 1, 9
5_25_08 7, 15, 3, 11, 8
2_1_18 10, 2
7_4_02 2, 10, 14, 6, 7, 15, 3
4_2_10 6, 14, 2, 10
8_21_20 12, 4, 8, 16, 13, 5, 9, 1
7_1_16 9, 1, 5, 13, 10, 2, 6
7_5_14 9, 1, 5, 13, 10, 2, 6
5_6_14 9, 1, 5, 13, 6
6_20_08 5, 13, 1, 9, 2, 10
4_9_04 5, 13, 1, 9
8_25_08 7, 15, 3, 11, 8, 16, 4, 12
7_21_22 13, 5, 9, 1, 14, 6, 10
1_2_00 13
3_20_16 5, 13, 9
6_5_06 5, 13, 1, 9, 6, 14
7_27_06 6, 14, 2, 10, 15, 7, 11
8_7_10 7, 15, 3, 11, 8, 16, 4, 12
4_9_14 10, 2, 6, 14
3_12_02 16, 8, 4
4_23_20 12, 4, 8, 16
3_29_22 15, 7, 11
5_5_02 3, 11, 15, 7, 4
6_18_08 5, 13, 1, 9, 2, 10
7_7_16 10, 2, 6, 14, 3, 11, 15
3_16_20 10, 2, 14
1_3_02 10
3_2_18 6, 14, 2
4_18_00 1, 9, 13, 5
6_4_22 12, 4, 8, 16, 9, 1
8_28_16 11, 3, 7, 15, 12, 4, 8, 16
5_28_18 12, 4, 8, 16, 1
1_17_16 9
3_17_10 6, 14, 2
6_23_14 9, 1, 5, 13, 10, 2
3_8_04 16, 8, 4
2_14_12 6, 14
5_8_16 10, 2, 6, 14, 15
5_28_14 10, 2, 6, 14, 15
5_22_16 10, 2, 6, 14, 7
4_30_20 14, 6, 10, 2
8_22_02 3, 11, 15, 7, 4, 12, 16, 8
4_12_18 12, 4, 8, 16
2_30_20 10, 2
4_7_00 2, 10, 14, 6
2_29_12 10, 2
4_19_06 4, 12, 16, 8
8_11_16 11, 3, 7, 15, 12, 4, 8, 16
8_9_18 12, 4, 8, 16, 13, 5, 9, 1
2_11_00 3, 11
7_25_18 12, 4, 8, 16, 13, 5, 9
8_1_18 10, 2, 6, 14, 11, 3, 7, 15
2_21_20 12, 4
8_4_00 1, 9, 13, 5, 2, 10, 14, 6
4_24_20 12, 4, 8, 16
5_10_18 12, 4, 8, 16, 9
8_30_16 12, 4, 8, 16, 9, 1, 5, 13
2_19_12 7, 15
8_21_04 4, 12, 16, 8, 5, 13, 1, 9
7_25_12 9, 1, 5, 13, 10, 2, 6
5_12_00 3, 11, 15, 7, 8
4_17_20 11, 3, 7, 15
6_9_12 9, 1, 5, 13, 10, 2
4_29_08 8, 16, 4, 12
4_29_12 10, 2, 6, 14
3_20_10 2, 10, 6
3_14_22 11, 3, 7
5_24_14 9, 1, 5, 13, 14
4_2_04 3, 11, 15, 7
5_19_10 6, 14, 2, 10, 15
7_22_04 4, 12, 16, 8, 1, 9, 13
5_16_12 10, 2, 6, 14, 11
3_16_14 7, 15, 11
5_25_22 14, 6, 10, 2, 15
7_30_02 5, 13, 1, 9, 14, 6, 10
4_7_18 11, 3, 7, 15
5_26_06 6, 14, 2, 10, 3
1_28_22 2
5_10_00 3, 11, 15, 7, 16
8_18_02 2, 10, 14, 6, 3, 11, 15, 7
1_10_04 1
8_29_06 7, 15, 3, 11, 4, 12, 16, 8
4_5_08 6, 14, 2, 10
1_2_18 6
2_29_20 14, 6
1_25_12 9
4_27_12 9, 1, 5, 13
3_22_12 4, 12, 16
3_18_02 14, 6, 10
7_16_12 10, 2, 6, 14, 11, 3, 7
7_31_22 15, 7, 11, 3, 4, 12, 16
2_21_06 5, 13
2_31_08 8, 16
3_26_16 7, 15, 3
4_18_16 9, 1, 5, 13
3_5_16 10, 2, 6
2_11_18 12, 4
4_27_16 11, 3, 7, 15
2_20_02 14, 6
6_8_20 12, 4, 8, 16, 9, 1
1_1_00 1
1_25_02 4
3_13_04 6, 14, 2
2_30_14 7, 15
1_8_04 8
1_30_06 3
3_25_06 6, 14, 2
3_21_06 5, 13, 1
8_27_06 6, 14, 2, 10, 7, 15, 3, 11
8_31_20 14, 6, 10, 2, 11, 3, 7, 15
8_26_22 14, 6, 10, 2, 15, 7, 11, 3
6_17_10 6, 14, 2, 10, 7, 15
2_7_12 8, 16
4_20_22 12, 4, 8, 16
6_22_04 4, 12, 16, 8, 1, 9
3_7_18 11, 3, 15
2_2_18 6, 14
7_23_02 3, 11, 15, 7, 12, 4, 8
6_10_22 14, 6, 10, 2, 11, 3
8_1_14 8, 16, 4, 12, 9, 1, 5, 13
6_24_02 3, 11, 15, 7, 16, 8
1_22_08 2
4_3_00 1, 9, 13, 5
7_7_22 13, 5, 9, 1, 6, 14, 2
3_4_08 1, 9, 5
4_4_12 7, 15, 3, 11
5_24_12 8, 16, 4, 12, 13
3_23_22 13, 5, 1
4_28_00 3, 11, 15, 7
1_22_02 15
3_9_00 3, 11, 15
7_10_00 3, 11, 15, 7, 16, 8, 12
1_28_18 16
2_4_06 16, 8
2_6_14 5, 13
3_15_12 10, 2, 14
1_12_06 10
7_9_12 9, 1, 5, 13, 10, 2, 6
5_7_10 7, 15, 3, 11, 16
3_12_14 6, 14, 10
4_24_16 10, 2, 6, 14
7_31_14 11, 3, 7, 15, 16, 8, 12
8_29_22 15, 7, 11, 3, 12, 4, 8, 16
5_11_18 12, 4, 8, 16, 5
2_15_02 5, 13
8_25_06 6, 14, 2, 10, 7, 15, 3, 11
7_20_04 3, 11, 15, 7, 8, 16, 4
6_26_04 5, 13, 1, 9, 2, 10
3_22_00 14, 6, 10
2_22_06 1, 9
1_3_10 14
5_7_20 12, 4, 8, 16, 5
7_6_04 4, 12, 16, 8, 1, 9, 13
2_6_00 14, 6
1_3_06 12
3_8_22 9, 1, 13
4_3_02 2, 10, 14, 6
6_5_22 13, 5, 9, 1, 14, 6
4_26_12 9, 1, 5, 13
1_11_06 14
3_20_00 13, 5, 1
2_21_08 6, 14
1_20_22 16
4_1_00 1, 9, 13, 5
5_28_10 8, 16, 4, 12, 13
1_9_22 14
1_24_00 6
5_14_22 15, 7, 11, 3, 8
3_30_16 8, 16, 4
6_2_04 3, 11, 15, 7, 16, 8
8_19_02 2, 10, 14, 6, 3, 11, 15, 7
7_19_22 12, 4, 8, 16, 5, 13, 1
4_15_18 13, 5, 9, 1
2_19_22 12, 4
8_25_04 5, 13, 1, 9, 6, 14, 2, 10
5_3_18 10, 2, 6, 14, 3
6_30_08 8, 16, 4, 12, 1, 9
1_17_00 1
3_13_14 11, 3, 7
4_9_16 11, 3, 7, 15
7_15_06 7, 15, 3, 11, 12, 4, 8
1_8_16 14
8_17_10 6, 14, 2, 10, 7, 15, 3, 11
7_30_08 8, 16, 4, 12, 1, 9, 13
3_3_00 1, 9, 5
6_19_16 9, 1, 5, 13, 10, 2
8_19_12 7, 15, 3, 11, 8, 16, 4, 12
6_16_10 9, 1, 5, 13, 2, 10
4_17_06 4, 12, 16, 8
1_6_20 8
6_25_16 11, 3, 7, 15, 12, 4
5_20_00 1, 9, 13, 5, 6
5_18_20 11, 3, 7, 15, 8
4_6_00 2, 10, 14, 6
3_22_14 5, 13, 1
7_28_14 10, 2, 6, 14, 15, 7, 11
3_22_20 8, 16, 4
2_28_10 4, 12
7_20_08 5, 13, 1, 9, 10, 2, 6
5_2_14 8, 16, 4, 12, 5
6_17_06 4, 12, 16, 8, 5, 13
6_8_06 5, 13, 1, 9, 2, 10
5_17_00 1, 9, 13, 5, 2
4_1_22 12, 4, 8, 16
4_15_12 10, 2, 6, 14
1_3_04 11
2_15_12 10, 2
6_24_04 4, 12, 16, 8, 1, 9
6_17_14 8, 16, 4, 12, 9, 1
4_15_08 8, 16, 12
3_8_02 15, 7, 3
7_28_06 6, 14, 2, 10, 11, 3, 7
1_26_12 5
2_17_00 1, 9
5_11_06 6, 14, 2, 10, 15
6_7_16 10, 2, 6, 14, 11, 3
1_11_00 11
7_18_00 1, 9, 13, 5, 14, 6, 10
2_11_02 4, 12
3_19_08 5, 13, 9
8_16_08 8, 16, 4, 12, 5, 13, 1, 9
6_24_08 6, 14, 2, 10, 3, 11
2_25_08 7, 15
6_14_06 7, 15, 3, 11, 16, 8
2_10_14 6, 14
5_13_14 11, 3, 7, 15, 8
3_10_10 4, 12, 16
3_27_06 6, 14, 10
5_16_20 14, 6, 10, 2, 15
8_6_02 3, 11, 15, 7, 4, 12, 16, 8
1_7_20 4
5_13_16 12, 4, 8, 16, 9
4_22_00 2, 10, 14, 6
4_15_10 9, 1, 5, 13
7_18_16 9, 1, 5, 13, 6, 14, 2
6_19_20 11, 3, 7, 15, 12, 4
1_2_08 1
4_7_22 13, 5, 9, 1
3_28_02 16, 8, 4
7_3_08 5, 13, 1, 9, 14, 6, 10
5_5_20 12, 4, 8, 16, 13
2_18_10 2, 10
7_8_16 10, 2, 6, 14, 15, 7, 11
1_22_04 16
4_22_12 8, 16, 4, 12
2_18_06 16, 8
8_20_12 7, 15, 3, 11, 8, 16, 4, 12
1_27_22 6
3_1_10 6, 14, 2
4_10_16 11, 3, 7, 15
6_22_10 7, 15, 3, 11, 4, 12
1_20_16 13
2_8_14 5, 13
3_26_02 16, 8, 12
1_29_22 15
7_3_04 3, 11, 15, 7, 12, 4, 8
5_29_20 14, 6, 10, 2, 11
5_28_20 13, 5, 9, 1, 2
2_2_22 8, 16
5_9_22 14, 6, 10, 2, 15
5_28_12 9, 1, 5, 13, 14
3_13_18 13, 5, 9
3_27_18 12, 4, 16
3_14_06 3, 11, 15
8_28_00 3, 11, 15, 7, 4, 12, 16, 8
2_1_06 4, 12
2_17_16 9, 1
7_19_14 8, 16, 4, 12, 1, 9, 13
3_6_02 15, 7, 11
8_27_16 11, 3, 7, 15, 12, 4, 8, 16
2_9_16 11, 3
8_7_04 4, 12, 16, 8, 5, 13, 1, 9
3_1_22 12, 4, 8
6_22_22 13, 5, 9, 1, 10, 2
6_11_18 12, 4, 8, 16, 13, 5
3_27_22 14, 6, 2
5_6_20 12, 4, 8, 16, 9
6_16_12 10, 2, 6, 14, 3, 11
5_29_02 5, 13, 1, 9, 2
2_22_10 3, 11
3_31_18 13, 5, 1
2_23_10 7, 15
6_12_04 5, 13, 1, 9, 2, 10
6_7_12 8, 16, 4, 12, 9, 1
3_22_02 15, 7, 11
5_16_16 12, 4, 8, 16, 13
5_8_22 13, 5, 9, 1, 2
7_15_18 13, 5, 9, 1, 2, 10, 14
4_25_06 6, 14, 2, 10
3_11_08 7, 15, 11
5_19_06 4, 12, 16, 8, 13
7_29_20 14, 6, 10, 2, 11, 3, 7
6_26_12 9, 1, 5, 13, 6, 14
7_10_04 5, 13, 1, 9, 2, 10, 14
3_6_16 6, 14, 2
5_18_14 8, 16, 4, 12, 5
3_20_14 4, 12, 8
1_10_00 15
3_17_04 3, 11, 15
1_4_16 13
1_9_12 9
4_15_04 6, 14, 2, 10
3_26_12 5, 13, 1
3_8_10 3, 11, 7
4_11_16 11, 3, 7, 15
7_11_20 13, 5, 9, 1, 6, 14, 2
8_8_22 13, 5, 9, 1, 14, 6, 10, 2
5_6_12 8, 16, 4, 12, 5
8_9_08 7, 15, 3, 11, 8, 16, 4, 12
2_30_04 2, 10
1_26_10 4
7_3_18 10, 2, 6, 14, 3, 11, 15
5_18_06 4, 12, 16, 8, 1
1_16_10 13
6_28_08 7, 15, 3, 11, 4, 12
6_29_22 15, 7, 11, 3, 12, 4
1_12_16 15
7_9_02 4, 12, 16, 8, 5, 13, 1
2_3_00 1, 9
8_30_12 10, 2, 6, 14, 7, 15, 3, 11
8_19_08 5, 13, 1, 9, 6, 14, 2, 10
4_26_22 14, 6, 10, 2
5_1_04 3, 11, 15, 7, 4
5_17_04 3, 11, 15, 7, 4
5_5_00 2, 10, 14, 6, 3
4_9_08 7, 15, 3, 11
2_25_00 3, 11
8_31_14 11, 3, 7, 15, 8, 16, 4, 12
6_31_20 14, 6, 10, 2, 11, 3
6_27_08 7, 15, 3, 11, 8, 16
6_7_18 11, 3, 7, 15, 12, 4
3_14_14 7, 15, 3
8_18_22 12, 4, 8, 16, 13, 5, 9, 1
1_15_22 7
4_24_14 9, 1, 5, 13
3_25_02 4, 12, 16
3_6_18 7, 15, 3
7_24_20 12, 4, 8, 16, 1, 9, 13
8_3_12 7, 15, 3, 11, 8, 16, 4, 12
2_22_14 5, 13
8_21_06 5, 13, 1, 9, 6, 14, 2, 10
8_15_16 12, 4, 8, 16, 9, 1, 5, 13
1_10_18 8
2_3_10 6, 14
7_27_00 3, 11, 15, 7, 12, 4, 8
8_27_08 7, 15, 3, 11, 8, 16, 4, 12
4_18_02 2, 10, 14, 6
2_4_16 5, 13
2_16_18 9, 1
7_18_06 4, 12, 16, 8, 1, 9, 13
7_22_20 12, 4, 8, 16, 9, 1, 5
4_31_08 8, 16, 12
8_23_10 7, 15, 3, 11, 8, 16, 4, 12
5_14_12 10, 2, 6, 14, 3
6_30_16 12, 4, 8, 16, 5, 13
1_5_06 5
2_17_04 3, 11
8_22_16 10, 2, 6, 14, 11, 3, 7, 15
6_12_08 7, 15, 3, 11, 4, 12
4_31_02 5, 13, 1, 9
4_26_14 10, 2, 6, 14
4_27_18 12, 4, 8, 16
6_5_00 2, 10, 14, 6, 3, 11
7_12_16 11, 3, 7, 15, 16, 8, 12
1_7_08 14
5_10_22 14, 6, 10, 2, 11
2_5_02 3, 11
8_21_16 10, 2, 6, 14, 11, 3, 7, 15
1_8_00 6
7_7_04 4, 12, 16, 8, 13, 5, 9
5_29_18 13, 5, 9, 1, 10
1_12_04 9
6_25_02 4, 12, 16, 8, 5, 13
6_28_06 6, 14, 2, 10, 3, 11
3_3_20 11, 3, 15
2_26_06 2, 10
3_2_00 13, 5, 9
2_17_06 4, 12
1_31_14 3
4_8_22 13, 5, 9, 1
2_12_22 10, 2
6_19_10 6, 14, 2, 10, 7, 15
3_24_18 7, 15, 11
1_23_20 4
1_14_16 8
7_4_08 5, 13, 1, 9, 10, 2, 6
4_5_22 13, 5, 9, 1
5_10_04 5, 13, 1, 9, 2
6_24_10 7, 15, 3, 11, 4, 12
7_7_20 12, 4, 8, 16, 5, 13, 1
