7_4_14 8, 16, 4, 12, 13, 5, 9
2_5_02 3, 11
7_17_18 10, 2, 6, 14, 11, 3, 7
1_2_02 14
8_20_18 10, 2, 6, 14, 11, 3, 7, 15
2_19_06 4, 12
7_3_22 12, 4, 8, 16, 5, 13, 1
2_7_12 8, 16
4_23_14 9, 1, 5, 13
7_8_12 8, 16, 4, 12, 13, 5, 9
4_20_14 8, 16, 4, 12
6_12_18 12, 4, 8, 16, 9, 1
8_19_14 8, 16, 4, 12, 9, 1, 5, 13
6_27_00 3, 11, 15, 7, 4, 12
2_30_00 16, 8
2_4_12 3, 11
1_19_10 14
7_24_14 9, 1, 5, 13, 14, 6, 10
3_20_18 6, 14, 10
6_19_22 12, 4, 8, 16, 13, 5
6_9_12 9, 1, 5, 13, 10, 2
2_12_08 3, 11
6_3_00 1, 9, 13, 5, 2, 10
8_1_22 12, 4, 8, 16, 13, 5, 9, 1
3_2_04 15, 7, 11
3_13_18 13, 5, 9
4_21_04 4, 12, 16, 8
4_25_04 5, 13, 1, 9
2_21_10 7, 15
3_21_06 5, 13, 1
1_22_04 16
2_22_22 9, 1
8_16_10 9, 1, 5, 13, 6, 14, 2, 10
8_18_06 4, 12, 16, 8, 5, 13, 1, 9
5_31_02 5, 13, 1, 9, 10
5_29_12 10, 2, 6, 14, 7
8_23_16 10, 2, 6, 14, 11, 3, 7, 15
2_16_06 3, 11
1_5_04 4
4_15_04 6, 14, 2, 10
5_3_04 3, 11, 15, 7, 12
7_17_12 7, 15, 3, 11, 8, 16, 4
2_25_16 11, 3
6_1_02 2, 10, 14, 6, 3, 11
7_22_00 2, 10, 14, 6, 15, 7, 11
5_5_04 4, 12, 16, 8, 5
5_15_12 10, 2, 6, 14, 15
8_18_16 9, 1, 5, 13, 10, 2, 6, 14
7_24_04 4, 12, 16, 8, 9, 1, 5
5_2_16 9, 1, 5, 13, 6
5_6_00 2, 10, 14, 6, 15
5_20_02 2, 10, 14, 6, 7
6_13_04 6, 14, 2, 10, 3, 11
4_15_14 11, 3, 7, 15
5_13_12 10, 2, 6, 14, 7
3_5_06 5, 13, 1
5_30_20 14, 6, 10, 2, 7
4_13_02 5, 13, 1, 9
5_29_20 14, 6, 10, 2, 11
6_6_06 5, 13, 1, 9, 2, 10
8_2_18 10, 2, 6, 14, 11, 3, 7, 15
4_18_12 7, 15, 3, 11
2_20_22 8, 16
3_18_18 6, 14, 2
2_10_08 3, 11
5_19_18 10, 2, 6, 14, 3
4_26_02 4, 12, 16, 8
4_20_00 1, 9, 13, 5
4_16_06 7, 15, 3, 11
4_19_20 11, 3, 7, 15
8_13_20 14, 6, 10, 2, 11, 3, 7, 15
4_29_10 9, 1, 5, 13
5_26_08 7, 15, 3, 11, 4
6_20_00 1, 9, 13, 5, 14, 6
2_22_06 1, 9
8_23_00 2, 10, 14, 6, 3, 11, 15, 7
6_2_10 6, 14, 2, 10, 3, 11
6_18_10 6, 14, 2, 10, 3, 11
6_20_22 12, 4, 8, 16, 9, 1
2_9_16 11, 3
6_13_10 9, 1, 5, 13, 6, 14
6_3_04 3, 11, 15, 7, 4, 12
1_21_22 13
7_7_08 6, 14, 2, 10, 15, 7, 11
1_11_00 11
4_10_12 9, 1, 5, 13
8_24_08 6, 14, 2, 10, 7, 15, 3, 11
6_30_20 14, 6, 10, 2, 7, 15
3_9_12 9, 1, 5
7_17_10 6, 14, 2, 10, 7, 15, 3
3_13_20 14, 6, 10
6_17_14 8, 16, 4, 12, 9, 1
3_22_08 2, 10, 14
4_22_08 6, 14, 2, 10
6_30_18 13, 5, 9, 1, 6, 14
4_10_02 4, 12, 16, 8
1_21_16 10
4_4_10 6, 14, 2, 10
7_10_02 4, 12, 16, 8, 1, 9, 13
2_1_02 2, 10
5_3_06 4, 12, 16, 8, 13
7_21_10 7, 15, 3, 11, 8, 16, 4
5_9_04 5, 13, 1, 9, 6
3_4_18 6, 14, 10
6_31_04 6, 14, 2, 10, 3, 11
6_18_06 4, 12, 16, 8, 1, 9
5_15_04 6, 14, 2, 10, 11
2_5_08 6, 14
1_16_02 9
7_9_20 13, 5, 9, 1, 14, 6, 10
7_25_04 5, 13, 1, 9, 6, 14, 2
2_16_18 9, 1
3_12_06 2, 10, 6
8_7_14 9, 1, 5, 13, 10, 2, 6, 14
3_23_00 2, 10, 6
2_31_20 14, 6
3_7_00 2, 10, 6
3_27_14 10, 2, 14
7_16_22 15, 7, 11, 3, 16, 8, 12
7_21_18 11, 3, 7, 15, 12, 4, 8
1_16_06 11
5_28_04 5, 13, 1, 9, 10
2_6_20 8, 16
4_26_04 5, 13, 1, 9
8_10_20 13, 5, 9, 1, 14, 6, 10, 2
1_15_06 15
7_23_04 4, 12, 16, 8, 13, 5, 9
4_12_06 6, 14, 2, 10
7_15_20 14, 6, 10, 2, 3, 11, 15
1_5_22 13
4_24_00 2, 10, 14, 6
7_19_12 7, 15, 3, 11, 16, 8, 12
3_5_10 7, 15, 3
3_5_14 9, 1, 5
5_7_12 8, 16, 4, 12, 1
5_13_16 12, 4, 8, 16, 9
3_31_00 4,12, 8
2_19_12 7, 15
4_7_20 12, 4, 8, 16
2_6_16 6, 14
6_1_00 1, 9, 13, 5, 2, 10
6_19_14 8, 16, 4, 12, 9, 1
6_15_04 6, 14, 2, 10, 3, 11
4_6_16 10, 2, 6, 14
5_28_08 7, 15, 3, 11, 12
1_3_12 15
4_22_10 7, 15, 3, 11
4_11_14 10, 2, 6, 14
8_22_20 12, 4, 8, 16, 13, 5, 9, 1
5_11_04 5, 13, 1, 9, 14
3_20_04 15, 7, 3
4_7_04 4, 12, 16, 8
7_25_00 3, 11, 15, 7, 4, 12, 16
6_10_06 6, 14, 2, 10, 3, 11
6_10_16 11, 3, 7, 15, 8, 16
7_4_08 5, 13, 1, 9, 10, 2, 6
5_24_20 12, 4, 8, 16, 1
1_19_22 4
2_19_00 1, 9
1_7_00 10
6_9_18 12, 4, 8, 16, 13, 5
7_5_02 3, 11, 15, 7, 4, 12, 16
6_5_20 12, 4, 8, 16, 13, 5
1_2_14 4
5_3_00 1, 9, 13, 5, 10
6_2_12 7, 15, 3, 11, 4, 12
5_4_10 6, 14, 2, 10, 11
1_4_14 12
6_11_20 13, 5, 9, 1, 14, 6
6_10_08 7, 15, 3, 11, 4, 12
3_2_16 5, 13, 1
8_2_10 6, 14, 2, 10, 7, 15, 3, 11
2_25_06 6, 14
3_31_04 6, 14, 10
7_27_12 9, 1, 5, 13, 2, 10, 14
5_24_02 3, 11, 15, 7, 8
8_31_22 15, 7, 11, 3, 12, 4, 8, 16
7_17_06 4, 12, 16, 8, 5, 13, 1
4_9_06 6, 14, 2, 10
5_16_20 14, 6, 10, 2, 15
2_21_08 6, 14
8_8_16 10, 2, 6, 14, 11, 3, 7, 15
3_13_10 9, 1, 5
8_16_18 13, 5, 9, 1, 10, 2, 6, 14
5_18_04 3, 11, 15, 7, 16
5_29_16 12, 4, 8, 16, 9
3_29_22 15, 7, 11
5_4_04 3, 11, 15, 7, 8
1_30_04 2
4_30_16 12, 4, 8, 16
7_23_08 6, 14, 2, 10, 15, 7, 11
7_27_22 14, 6, 10, 2, 7, 15, 3
7_20_04 3, 11, 15, 7, 8, 16, 4
2_9_04 5, 13
1_30_00 16
1_11_22 6
3_5_00 2, 10, 14
1_1_04 3
6_4_10 6, 14, 2, 10, 3, 11
2_23_10 7, 15
7_7_06 5, 13, 1, 9, 14, 6, 10
7_31_04 6, 14, 2, 10, 11, 3, 7
6_7_04 4, 12, 16, 8, 5, 13
2_15_08 8, 16
5_22_04 4, 12, 16, 8, 1
6_31_06 7, 15, 3, 11, 4, 12
8_4_00 1, 9, 13, 5, 2, 10, 14, 6
6_14_10 9, 1, 5, 13, 2, 10
4_14_08 8, 16, 4, 12
1_19_00 9
8_23_14 9, 1, 5, 13, 10, 2, 6, 14
4_2_08 5, 13, 1, 9
1_12_16 15
5_10_00 3, 11, 15, 7, 16
2_25_18 12, 4
6_2_22 12, 4, 8, 16, 9, 1
1_26_02 16
3_26_02 16, 8, 12
8_28_02 4, 12, 16, 8, 5, 13, 1, 9
1_29_00 4
3_3_02 2, 10, 6
2_3_10 6, 14
1_7_06 13
2_6_02 15, 7
8_6_02 3, 11, 15, 7, 4, 12, 16, 8
2_15_20 14, 6
2_29_10 9, 1
7_7_18 11, 3, 7, 15, 4, 12, 16
6_4_16 9, 1, 5, 13, 6, 14
6_27_08 7, 15, 3, 11, 8, 16
3_13_14 11, 3, 7
1_11_04 13
5_16_02 5, 13, 1, 9, 6
3_14_16 8, 16, 4
1_11_10 16
4_30_02 5, 13, 1, 9
3_31_20 14, 6, 2
1_2_20 7
2_13_14 11, 3
8_11_18 12, 4, 8, 16, 13, 5, 9, 1
2_17_16 9, 1
4_20_04 3, 11, 15, 7
2_13_08 8, 16
2_26_22 10, 2
7_7_12 8, 16, 4, 12, 1, 9, 13
6_27_16 11, 3, 7, 15, 12, 4
8_18_12 7, 15, 3, 11, 8, 16, 4, 12
1_25_06 6
7_1_06 4, 12, 16, 8, 5, 13, 1
3_3_04 3, 11, 7
3_29_12 10, 2, 6
3_16_22 11, 3, 15
7_4_12 7, 15, 3, 11, 12, 4, 8
5_1_04 3, 11, 15, 7, 4
6_9_02 4, 12, 16, 8, 5, 13
5_22_18 11, 3, 7, 15, 8
8_22_06 5, 13, 1, 9, 6, 14, 2, 10
3_20_16 5, 13, 9
8_6_04 4, 12, 16, 8, 5, 13, 1, 9
3_18_08 1, 9, 13
7_25_18 12, 4, 8, 16, 13, 5, 9
3_11_16 11, 3, 15
7_22_04 4, 12, 16, 8, 1, 9, 13
3_11_02 4, 12, 8
5_19_10 6, 14, 2, 10, 15
4_5_22 13, 5, 9, 1
4_5_08 6, 14, 2, 10
6_26_00 3, 11, 15, 7, 16, 8
1_18_04 15
8_29_18 13, 5, 9, 1, 10, 2, 6, 14
5_15_06 7, 15, 3, 11, 12
1_28_14 14
3_20_22 8, 16, 12
4_29_06 7, 15, 3, 11
7_11_10 8, 16, 4, 12, 1, 9, 13
3_19_00 1, 9, 5
8_27_10 8, 16, 4, 12, 9, 1, 5, 13
7_8_04 4, 12, 16, 8, 9, 1, 5
5_16_14 11, 3, 7, 15, 12
5_10_02 4, 12, 16, 8, 1
2_14_22 11, 3
8_11_16 11, 3, 7, 15, 12, 4, 8, 16
2_29_14 11, 3
5_19_20 11, 3, 7, 15, 4
8_15_00 4, 12, 16, 8, 1, 9, 13, 5
7_2_18 10, 2, 6, 14, 7, 15, 3
2_10_20 9, 1
3_9_08 7, 15, 3
3_23_12 8, 16, 12
4_6_08 6, 14, 2, 10
5_9_06 6, 14, 2, 10, 7
2_1_18 10, 2
4_21_06 5, 13, 1, 9
6_21_02 3, 11, 15, 7, 4, 12
8_21_20 12, 4, 8, 16, 13, 5, 9, 1
8_6_10 7, 15, 3, 11, 8, 16, 4, 12
1_28_16 15
8_15_18 13, 5, 9, 1, 10, 2, 6, 14
1_26_00 15
7_15_06 7, 15, 3, 11, 12, 4, 8
8_2_14 8, 16, 4, 12, 9, 1, 5, 13
3_21_04 4, 12, 16
5_20_00 1, 9, 13, 5, 6
6_12_14 10, 2, 6, 14, 7, 15
6_30_00 4, 12, 16, 8, 13, 5
7_20_10 6, 14, 2, 10, 11, 3, 7
5_25_16 11, 3, 7, 15, 12
5_12_12 9, 1, 5, 13, 14
2_8_02 15, 7
6_11_16 11, 3, 7, 15, 12, 4
1_5_14 9
3_26_06 2, 10, 14
6_14_00 4, 12, 16, 8, 13, 5
7_31_12 10, 2, 6, 14, 15, 7, 11
5_20_14 8, 16, 4, 12, 13
2_16_20 10, 2
5_9_20 13, 5, 9, 1, 14
7_26_00 3, 11, 15, 7, 16, 8, 12
8_5_16 10, 2, 6, 14, 11, 3, 7, 15
1_22_06 1
7_22_14 9, 1, 5, 13, 6, 14, 2
6_5_00 2, 10, 14, 6, 3, 11
5_30_18 13, 5, 9, 1, 6
3_3_10 6, 14, 10
6_20_18 10, 2, 6, 14, 7, 15
6_5_16 10, 2, 6, 14, 11, 3
4_31_04 6, 14, 2, 10
6_15_18 13, 5, 9, 1, 10, 2
7_30_00 4, 12, 16, 8, 13, 5, 9
7_24_22 13, 5, 9, 1, 2, 10, 14
7_1_16 9, 1, 5, 13, 10, 2, 6
7_28_12 9, 1, 5, 13, 14, 6, 10
7_30_04 6, 14, 2, 10, 15, 7, 11
4_29_18 13, 5, 9, 1
2_30_12 6, 14
4_16_18 13, 5, 9, 1
6_28_02 4, 12, 16, 8, 1, 9
4_26_06 6, 14, 2, 10
3_18_14 4, 12, 16
4_20_10 6, 14, 2, 10
2_11_02 4, 12
3_28_18 8, 16, 12
5_1_02 2, 10, 14, 6, 3
8_24_10 7, 15, 3, 11, 8, 16, 4, 12
6_3_12 7, 15, 3, 11, 8, 16
4_24_04 4, 12, 16, 8
8_25_20 13, 5, 9, 1, 14, 6, 10, 2
7_18_12 7, 15, 3, 11, 4, 12, 16
7_2_20 11, 3, 7, 15, 8, 16, 4
5_5_12 8, 16, 4, 12, 9
3_1_12 7, 15, 3
6_11_00 3, 11, 15, 7, 4, 12
8_22_10 7, 15, 3, 11, 8, 16, 4, 12
2_11_16 11, 3
5_26_00 3, 11, 15, 7, 16
3_21_02 3, 11, 15
1_1_10 6
1_22_10 3
7_16_00 4, 12, 16, 8, 5, 13, 1
5_1_08 5, 13, 1, 9, 6
1_24_02 7
8_14_16 12, 4, 8, 16, 9, 1, 5, 13
2_11_18 12, 4
3_8_22 9, 1, 13
4_23_12 8, 16, 4, 12
7_2_10 6, 14, 2, 10, 3, 11, 15
3_6_10 3, 11, 15
4_18_00 1, 9, 13, 5
3_11_06 6, 14, 10
4_11_20 13, 5, 9, 1
8_27_04 5, 13, 1, 9, 6, 14, 2, 10
3_18_22 8, 16, 4
6_15_20 14, 6, 10, 2, 11, 3
3_19_22 12, 4, 16
6_15_14 11, 3, 7, 15, 8, 16
5_17_14 8, 16, 4, 12, 9
3_15_20 14, 6, 2
5_1_16 9, 1, 5, 13, 10
4_17_12 7, 15, 3, 11
3_13_00 4,12, 16
7_11_12 9, 1, 5, 13, 2, 10, 14
8_17_10 6, 14, 2, 10, 7, 15, 3, 11
4_4_00 1, 9, 13, 5
3_30_18 9, 1, 5
5_31_20 14, 6, 10, 2, 3
7_26_16 11, 3, 7, 15, 8, 16, 4
4_11_16 11, 3, 7, 15
7_12_02 4, 12, 16, 8, 9, 1, 5
4_19_08 5, 13, 1, 9
7_21_08 6, 14, 2, 10, 7, 15, 3
4_22_14 9, 1, 5, 13
7_3_14 8, 16, 4, 12, 1, 9, 13
3_27_20 13, 5, 1
6_6_20 12, 4, 8, 16, 9, 1
2_11_00 3, 11
3_21_16 10, 2, 6
5_18_18 10, 2, 6, 14, 7
1_1_22 12
8_16_02 5, 13, 1, 9, 2, 10, 14, 6
8_4_08 5, 13, 1, 9, 6, 14, 2, 10
3_5_22 13, 5, 9
7_1_12 7, 15, 3, 11, 8, 16, 4
7_17_16 9, 1, 5, 13, 10, 2, 6
4_5_02 3, 11, 15, 7
8_7_18 11, 3, 7, 15, 12, 4, 8, 16
1_30_14 7
4_31_14 11, 3, 7, 15
3_2_18 6, 14, 2
6_7_08 6, 14, 2, 10, 7, 15
2_15_16 12, 4
3_17_14 8, 16, 4
5_14_12 10, 2, 6, 14, 3
6_9_22 14, 6, 10, 2, 15, 7
2_15_22 15, 7
2_2_10 2, 10
6_20_08 5, 13, 1, 9, 2, 10
8_15_22 15, 7, 11, 3, 12, 4, 8, 16
7_4_22 12, 4, 8, 16, 1, 9, 13
6_15_06 7, 15, 3, 11, 4, 12
3_24_22 9, 1, 13
4_17_04 3, 11, 15, 7
7_19_22 12, 4, 8, 16, 5, 13, 1
5_29_14 11, 3, 7, 15, 8
3_16_10 5, 13, 9
1_18_20 7
7_13_20 14, 6, 10, 2, 11, 3, 7
4_10_06 6, 14, 2, 10
6_3_18 10, 2, 6, 14, 11, 3
7_5_00 2, 10, 14, 6, 3, 11, 15
3_19_18 10, 2, 14
8_14_06 7, 15, 3, 11, 4, 12, 16, 8
1_28_18 16
4_12_20 13, 5, 9, 1
8_2_08 5, 13, 1, 9, 6, 14, 2, 10
5_17_10 6, 14, 2, 10, 7
4_11_04 5, 13, 1, 9
8_9_16 11, 3, 7, 15, 12, 4, 8, 16
6_15_02 5, 13, 1, 9, 2, 10
6_14_02 5, 13, 1, 9, 14, 6
2_10_12 5, 13
4_28_18 12, 4, 8, 16
1_31_14 3
3_19_12 7, 15, 11
1_9_02 4
7_31_00 4, 12, 16, 8, 9, 1, 5
1_16_08 12
3_18_20 7, 15, 3
1_9_20 13
5_20_10 6, 14, 2, 10, 11
1_11_16 3
5_27_08 7, 15, 3, 11, 16
5_28_02 4, 12, 16, 8, 9
1_29_02 5
2_6_14 5, 13
6_19_06 4, 12, 16, 8, 5, 13
3_5_16 10, 2, 6
6_8_16 10, 2, 6, 14, 7, 15
3_17_18 10, 2, 6
7_15_02 5, 13, 1, 9, 10, 2, 6
2_4_10 2, 10
5_9_12 9, 1, 5, 13, 10
1_27_00 11
5_31_08 8, 16, 4, 12, 13
8_27_02 4, 12, 16, 8, 5, 13, 1, 9
4_21_12 8, 16, 4, 12
4_16_22 15, 7, 11, 3
1_27_14 2
2_25_04 5, 13
1_6_14 5
5_26_16 11, 3, 7, 15, 8
2_26_14 6, 14
7_26_14 10, 2, 6, 14, 7, 15, 3
5_16_08 8, 16, 4, 12, 9
3_24_02 15, 7, 3
1_24_12 12
3_10_10 4, 12, 16
2_18_08 1, 9
8_6_00 2, 10, 14, 6, 3, 11, 15, 7
1_1_08 5
7_10_12 9, 1, 5, 13, 6, 14, 2
8_18_00 1, 9, 13, 5, 2, 10, 14, 6
5_8_08 6, 14, 2, 10, 11
4_17_22 12, 4, 8, 16
3_28_04 1, 9, 5
8_11_12 9, 1, 5, 13, 10, 2, 6, 14
5_6_06 5, 13, 1, 9, 2
2_15_06 7, 15
5_7_18 11, 3, 7, 15, 4
7_2_02 2, 10, 14, 6, 15, 7, 11
5_15_22 15, 7, 11, 3, 4
3_12_02 16, 8, 4
7_3_02 2, 10, 14, 6, 11, 3, 7
2_27_18 12, 4
4_10_16 11, 3, 7, 15
3_22_10 3, 11, 15
1_5_18 11
1_26_20 9
2_27_12 9, 1
6_9_16 11, 3, 7, 15, 12, 4
6_6_12 8, 16, 4, 12, 5, 13
5_25_04 5, 13, 1, 9, 6
1_23_04 12
7_18_02 2, 10, 14, 6, 15, 7, 11
5_26_04 5, 13, 1, 9, 2
6_22_18 11, 3, 7, 15, 8, 16
8_24_02 3, 11, 15, 7, 4, 12, 16, 8
1_13_08 8
7_6_08 6, 14, 2, 10, 3, 11, 15
3_11_22 14, 6, 2
7_10_10 8, 16, 4, 12, 5, 13, 1
5_28_22 14, 6, 10, 2, 3
4_19_22 12, 4, 8, 16
7_30_14 11, 3, 7, 15, 4, 12, 16
1_19_12 15
6_8_20 12, 4, 8, 16, 9, 1
7_31_22 15, 7, 11, 3, 4, 12, 16
1_18_14 4
8_18_20 11, 3, 7, 15, 12, 4, 8, 16
6_19_18 10, 2, 6, 14, 11, 3
1_9_08 7
6_22_12 8, 16, 4, 12, 5, 13
8_3_02 2, 10, 14, 6, 3, 11, 15, 7
3_20_00 13, 5, 1
2_8_12 4, 12
3_25_02 4, 12, 16
2_31_16 12, 4
1_21_06 5
8_16_22 15, 7, 11, 3, 12, 4, 8, 16
8_14_14 11, 3, 7, 15, 8, 16, 4, 12
7_14_20 14, 6, 10, 2, 7, 15, 3
1_3_04 11
8_7_22 13, 5, 9, 1, 14, 6, 10, 2
8_1_04 3, 11, 15, 7, 4, 12, 16, 8
8_19_12 7, 15, 3, 11, 8, 16, 4, 12
8_25_04 5, 13, 1, 9, 6, 14, 2, 10
2_4_20 7, 15
8_10_12 9, 1, 5, 13, 10, 2, 6, 14
2_11_08 7, 15
1_17_06 4
5_7_06 5, 13, 1, 9, 14
1_24_00 6
7_30_02 5, 13, 1, 9, 14, 6, 10
8_26_22 14, 6, 10, 2, 15, 7, 11, 3
2_31_14 11, 3
8_13_18 13, 5, 9, 1, 10, 2, 6, 14
8_1_14 8, 16, 4, 12, 9, 1, 5, 13
1_30_12 6
6_26_14 10, 2, 6, 14, 7, 15
8_31_16 12, 4, 8, 16, 9, 1, 5, 13
2_30_10 5, 13
7_6_20 12, 4, 8, 16, 9, 1, 5
1_22_00 14
6_26_02 4, 12, 16, 8, 1, 9
5_22_10 7, 15, 3, 11, 4
3_14_02 1, 9, 13
3_9_10 8, 16, 4
8_12_18 12, 4, 8, 16, 13, 5, 9, 1
3_3_14 8, 16, 12
8_5_14 9, 1, 5, 13, 10, 2, 6, 14
8_13_22 15, 7, 11, 3, 12, 4, 8, 16
7_26_18 12, 4, 8, 16, 9, 1, 5
1_25_12 9
6_25_18 12, 4, 8, 16, 13, 5
2_20_06 16, 8
5_17_18 10, 2, 6, 14, 11
8_15_06 7, 15, 3, 11, 4, 12, 16, 8
5_12_14 10, 2, 6, 14, 15
6_31_08 8, 16, 4, 12, 5, 13
4_6_02 3, 11, 15, 7
6_23_16 10, 2, 6, 14, 11, 3
6_11_18 12, 4, 8, 16, 13, 5
7_8_14 9, 1, 5, 13, 14, 6, 10
5_13_04 6, 14, 2, 10, 3
1_20_22 16
8_13_08 8, 16, 4, 12, 5, 13, 1, 9
1_24_20 16
3_7_18 11, 3, 15
6_6_16 10, 2, 6, 14, 7, 15
2_15_18 13, 5
8_6_20 12, 4, 8, 16, 13, 5, 9, 1
7_27_00 3, 11, 15, 7, 12, 4, 8
5_1_20 11, 3, 7, 15, 12
7_2_22 12, 4, 8, 16, 9, 1, 5
1_26_16 7
3_27_16 11, 3, 15
1_19_14 16
2_9_08 7, 15
4_6_00 2, 10, 14, 6
4_14_04 6, 14, 2, 10
3_2_20 7, 15, 3
8_7_06 5, 13, 1, 9, 6, 14, 2, 10
2_7_22 13, 5
2_29_06 7, 15
5_27_14 10, 2, 6, 14, 3
1_20_16 13
4_12_02 4, 12, 16, 8
1_16_22 3
1_4_18 14
6_6_08 6, 14, 2, 10, 3, 11
7_19_04 3, 11, 15, 7, 12, 4, 8
2_4_14 4, 12
5_23_14 9, 1, 5, 13, 2
3_24_16 6, 14, 10
6_2_08 5, 13, 1, 9, 2, 10
1_26_12 5
4_5_06 5, 13, 1, 9
7_22_08 6, 14, 2, 10, 3, 11, 15
6_8_08 6, 14, 2, 10, 3, 11
6_27_10 8, 16, 4, 12, 9, 1
3_12_10 4, 12, 8
7_3_00 1, 9, 13, 5, 10, 2, 6
2_8_22 9, 1
3_8_10 3, 11, 7
8_31_20 14, 6, 10, 2, 11, 3, 7, 15
7_23_10 7, 15, 3, 11, 16, 8, 12
4_24_14 9, 1, 5, 13
6_7_10 7, 15, 3, 11, 8, 16
8_9_20 13, 5, 9, 1, 14, 6, 10, 2
7_20_20 11, 3, 7, 15, 16, 8, 12
8_6_16 10, 2, 6, 14, 11, 3, 7, 15
4_3_20 11, 3, 7, 15
7_22_18 11, 3, 7, 15, 8, 16, 4
5_28_18 12, 4, 8, 16, 1
6_2_18 10, 2, 6, 14, 7, 15
7_16_04 6, 14, 2, 10, 7, 15, 3
1_21_10 7
6_10_02 4, 12, 16, 8, 1, 9
4_13_06 7, 15, 3, 11
7_22_20 12, 4, 8, 16, 9, 1, 5
1_6_04 16
6_27_20 13, 5, 9, 1, 14, 6
5_23_02 3, 11, 15, 7, 12
2_3_02 2, 10
2_22_02 15, 7
8_17_20 11, 3, 7, 15, 12, 4, 8, 16
7_6_02 3, 11, 15, 7, 16, 8, 12
6_2_04 3, 11, 15, 7, 16, 8
4_26_20 13, 5, 9, 1
3_25_22 14, 6, 10
1_19_18 2
4_13_22 15, 7, 11, 3
8_30_10 9, 1, 5, 13, 6, 14, 2, 10
2_23_06 5, 13
3_10_04 1, 9, 13
3_25_10 8, 16, 4
3_5_12 8, 16, 4
5_31_18 13, 5, 9, 1, 2
2_1_08 5, 13
5_21_12 8, 16, 4, 12, 9
1_8_04 8
5_2_12 7, 15, 3, 11, 4
8_16_16 12, 4, 8, 16, 9, 1, 5, 13
6_31_02 5, 13, 1, 9, 2, 10
2_22_12 4, 12
8_4_10 6, 14, 2, 10, 7, 15, 3, 11
6_6_14 9, 1, 5, 13, 6, 14
8_12_08 7, 15, 3, 11, 8, 16, 4, 12
1_7_02 11
7_9_00 3, 11, 15, 7, 4, 12, 16
7_23_00 2, 10, 14, 6, 11, 3, 7
3_15_18 13, 5, 1
3_20_08 1, 9, 5
8_20_12 7, 15, 3, 11, 8, 16, 4, 12
3_26_22 10, 2, 6
2_17_22 12, 4
2_6_18 7, 15
8_5_08 6, 14, 2, 10, 7, 15, 3, 11
5_10_18 12, 4, 8, 16, 9
2_29_04 6, 14
7_24_20 12, 4, 8, 16, 1, 9, 13
1_27_06 14
8_30_16 12, 4, 8, 16, 9, 1, 5, 13
5_20_08 5, 13, 1, 9, 10
3_1_08 5, 13, 1
5_21_22 13, 5, 9, 1, 14
4_31_00 4,12, 16, 8
4_2_12 7, 15, 3, 11
4_13_14 11, 3, 7, 15
8_10_06 6, 14, 2, 10, 7, 15, 3, 11
4_9_04 5, 13, 1, 9
7_25_14 10, 2, 6, 14, 11, 3, 7
2_16_14 7, 15
2_10_04 1, 9
4_20_20 11, 3, 7, 15
7_28_14 10, 2, 6, 14, 15, 7, 11
4_16_10 9, 1, 5, 13
3_26_16 7, 15, 3
1_6_22 9
4_4_20 11, 3, 7, 15
2_30_18 9, 1
2_22_14 5, 13
6_5_08 6, 14, 2, 10, 7, 15
5_4_00 1, 9, 13, 5, 6
3_27_10 8, 16, 12
2_23_02 3, 11
6_25_20 13, 5, 9, 1, 14, 6
6_22_22 13, 5, 9, 1, 10, 2
2_13_20 14, 6
3_11_10 8, 16, 12
1_2_16 5
4_16_00 4,12, 16, 8
2_19_04 3, 11
5_24_16 10, 2, 6, 14, 15
8_14_02 5, 13, 1, 9, 2, 10, 14, 6
6_29_02 5, 13, 1, 9, 2, 10
6_21_00 2, 10, 14, 6, 3, 11
5_12_22 14, 6, 10, 2, 3
7_10_20 13, 5, 9, 1, 10, 2, 6
8_8_06 5, 13, 1, 9, 6, 14, 2, 10
5_23_16 10, 2, 6, 14, 3
1_16_04 10
5_2_18 10, 2, 6, 14, 7
5_12_18 12, 4, 8, 16, 1
7_23_20 12, 4, 8, 16, 5, 13, 1
4_14_02 5, 13, 1, 9
4_14_12 10, 2, 6, 14
6_10_14 10, 2, 6, 14, 7, 15
1_17_16 9
8_31_08 8, 16, 4, 12, 5, 13, 1, 9
2_1_06 4, 12
2_7_16 10, 2
1_6_20 8
5_17_02 2, 10, 14, 6, 3
3_30_04 2, 10, 14
7_2_14 8, 16, 4, 12, 5, 13, 1
1_13_20 14
4_2_04 3, 11, 15, 7
3_24_18 7, 15, 11
4_14_00 4,12, 16, 8
6_17_04 3, 11, 15, 7, 4, 12
2_20_10 2, 10
4_4_08 5, 13, 1, 9
8_5_22 13, 5, 9, 1, 14, 6, 10, 2
4_11_10 8, 16, 4, 12
6_3_08 5, 13, 1, 9, 6, 14
2_23_04 4, 12
7_7_14 9, 1, 5, 13, 2, 10, 14
7_16_20 14, 6, 10, 2, 15, 7, 11
7_6_04 4, 12, 16, 8, 1, 9, 13
1_1_20 11
8_9_12 9, 1, 5, 13, 10, 2, 6, 14
4_23_08 6, 14, 2, 10
2_22_10 3, 11
3_1_20 11, 3, 7
4_22_22 13, 5, 9, 1
2_20_08 1, 9
2_14_14 7, 15
4_30_00 4,12, 16, 8
1_7_10 15
2_17_08 5, 13
3_1_16 9, 1, 5
6_16_04 6, 14, 2, 10, 15, 7
6_1_08 5, 13, 1, 9, 6, 14
6_1_16 9, 1, 5, 13, 10, 2
4_24_22 13, 5, 9, 1
6_31_18 13, 5, 9, 1, 10, 2
4_22_18 11, 3, 7, 15
8_4_14 8, 16, 4, 12, 9, 1, 5, 13
2_12_16 7, 15
2_3_04 3, 11
7_16_10 9, 1, 5, 13, 10, 2, 6
2_25_14 10, 2
7_20_22 12, 4, 8, 16, 1, 9, 13
7_5_16 10, 2, 6, 14, 11, 3, 7
8_17_16 9, 1, 5, 13, 10, 2, 6, 14
6_10_00 3, 11, 15, 7, 16, 8
6_28_12 9, 1, 5, 13, 6, 14
1_5_16 10
8_25_22 14, 6, 10, 2, 15, 7, 11, 3
6_7_14 9, 1, 5, 13, 10, 2
5_6_04 4, 12, 16, 8, 1
5_18_20 11, 3, 7, 15, 8
1_21_00 2
4_12_08 7, 15, 3, 11
8_16_00 4, 12, 16, 8, 1, 9, 13, 5
6_7_02 3, 11, 15, 7, 4, 12
1_21_08 6
6_28_22 14, 6, 10, 2, 11, 3
1_18_08 1
5_9_10 8, 16, 4, 12, 9
3_23_08 6, 14, 10
2_3_12 7, 15
1_20_06 8
5_14_08 8, 16, 4, 12, 1
4_15_10 9, 1, 5, 13
1_29_10 9
5_5_06 5, 13, 1, 9, 6
6_4_22 12, 4, 8, 16, 9, 1
8_18_18 10, 2, 6, 14, 11, 3, 7, 15
1_20_14 12
3_27_12 9, 1, 13
4_18_06 4, 12, 16, 8
7_18_20 11, 3, 7, 15, 8, 16, 4
2_15_14 11, 3
3_6_00 14, 6, 10
1_2_04 15
2_10_02 16, 8
5_14_20 14, 6, 10, 2, 7
2_14_00 16, 8
3_28_14 6, 14, 10
8_3_22 12, 4, 8, 16, 13, 5, 9, 1
8_25_00 3, 11, 15, 7, 4, 12, 16, 8
3_2_06 16, 8, 12
1_26_08 3
5_17_08 5, 13, 1, 9, 6
2_13_22 15, 7
8_15_20 14, 6, 10, 2, 11, 3, 7, 15
6_19_20 11, 3, 7, 15, 12, 4
6_28_08 7, 15, 3, 11, 4, 12
7_24_12 8, 16, 4, 12, 13, 5, 9
5_28_20 13, 5, 9, 1, 2
4_29_14 11, 3, 7, 15
7_12_16 11, 3, 7, 15, 16, 8, 12
8_10_02 4, 12, 16, 8, 5, 13, 1, 9
3_1_10 6, 14, 2
1_28_04 9
2_14_12 6, 14
7_5_06 5, 13, 1, 9, 6, 14, 2
7_21_14 9, 1, 5, 13, 10, 2, 6
5_25_14 10, 2, 6, 14, 11
3_14_22 11, 3, 7
6_16_06 7, 15, 3, 11, 16, 8
5_12_00 3, 11, 15, 7, 8
1_19_20 3
6_10_12 9, 1, 5, 13, 6, 14
8_23_08 6, 14, 2, 10, 7, 15, 3, 11
7_23_12 8, 16, 4, 12, 1, 9, 13
4_10_04 5, 13, 1, 9
4_16_20 14, 6, 10, 2
1_16_16 16
1_31_10 1
7_21_02 3, 11, 15, 7, 4, 12, 16
8_17_04 3, 11, 15, 7, 4, 12, 16, 8
1_6_08 2
1_12_06 10
1_26_22 10
6_5_10 7, 15, 3, 11, 8, 16
2_20_20 7, 15
3_25_14 10, 2, 6
6_24_08 6, 14, 2, 10, 3, 11
7_14_12 10, 2, 6, 14, 3, 11, 15
7_11_14 10, 2, 6, 14, 3, 11, 15
1_29_04 6
4_24_20 12, 4, 8, 16
3_6_04 16, 8, 12
7_5_22 13, 5, 9, 1, 14, 6, 10
5_2_02 2, 10, 14, 6, 15
7_6_22 13, 5, 9, 1, 10, 2, 6
6_17_20 11, 3, 7, 15, 12, 4
6_31_00 4, 12, 16, 8, 1, 9
1_23_02 11
1_29_06 7
5_10_06 6, 14, 2, 10, 3
7_10_14 10, 2, 6, 14, 7, 15, 3
3_2_02 14, 6, 10
6_3_06 4, 12, 16, 8, 5, 13
8_6_12 8, 16, 4, 12, 9, 1, 5, 13
1_27_20 5
5_30_16 12, 4, 8, 16, 5
1_4_22 16
2_20_00 13, 5
4_22_12 8, 16, 4, 12
5_16_00 4, 12, 16, 8, 5
3_31_08 8, 16, 12
3_10_00 15, 7, 11
8_15_02 5, 13, 1, 9, 2, 10, 14, 6
6_28_10 8, 16, 4, 12, 5, 13
7_10_22 14, 6, 10, 2, 11, 3, 7
8_21_10 7, 15, 3, 11, 8, 16, 4, 12
4_17_08 5, 13, 1, 9
1_28_22 2
1_10_04 1
4_10_00 3, 11, 15, 7
3_29_08 8, 16, 4
6_17_08 5, 13, 1, 9, 6, 14
8_29_00 4, 12, 16, 8, 1, 9, 13, 5
8_20_10 6, 14, 2, 10, 7, 15, 3, 11
2_19_22 12, 4
2_24_16 6, 14
2_17_18 10, 2
4_8_06 5, 13, 1, 9
6_10_04 5, 13, 1, 9, 2, 10
2_18_20 7, 15
1_23_16 2
7_17_02 2, 10, 14, 6, 3, 11, 15
5_29_18 13, 5, 9, 1, 10
1_28_10 12
3_9_04 5, 13, 1
4_8_12 8, 16, 4, 12
3_27_06 6, 14, 10
8_6_06 5, 13, 1, 9, 6, 14, 2, 10
3_27_22 14, 6, 2
1_20_18 14
6_22_02 3, 11, 15, 7, 16, 8
3_16_08 4, 12, 8
6_5_14 9, 1, 5, 13, 10, 2
5_23_04 4, 12, 16, 8, 13
8_28_00 3, 11, 15, 7, 4, 12, 16, 8
7_27_08 7, 15, 3, 11, 16, 8, 12
4_9_10 8, 16, 4, 12
1_12_22 2
5_13_18 13, 5, 9, 1, 10
7_29_10 9, 1, 5, 13, 6, 14, 2
4_22_16 10, 2, 6, 14
8_1_12 7, 15, 3, 11, 8, 16, 4, 12
2_8_08 2, 10
3_23_14 9, 1, 13
3_14_06 3, 11, 15
5_22_12 8, 16, 4, 12, 5
5_24_08 6, 14, 2, 10, 11
4_23_20 12, 4, 8, 16
6_19_02 2, 10, 14, 6, 3, 11
3_4_16 5, 13, 9
5_14_14 11, 3, 7, 15, 4
6_28_20 13, 5, 9, 1, 10, 2
5_7_02 3, 11, 15, 7, 12
6_25_04 5, 13, 1, 9, 6, 14
8_4_20 11, 3, 7, 15, 12, 4, 8, 16
2_6_12 4, 12
5_30_02 5, 13, 1, 9, 14
8_17_14 8, 16, 4, 12, 9, 1, 5, 13
5_22_00 2, 10, 14, 6, 15
2_10_00 15, 7
3_26_08 3, 11, 15
8_22_02 3, 11, 15, 7, 4, 12, 16, 8
5_12_02 4, 12, 16, 8, 9
1_5_20 12
2_12_20 9, 1
7_30_22 15, 7, 11, 3, 8, 16, 4
4_6_12 8, 16, 4, 12
6_8_18 11, 3, 7, 15, 8, 16
6_11_22 14, 6, 10, 2, 15, 7
2_2_06 16, 8
1_16_18 1
8_3_06 4, 12, 16, 8, 5, 13, 1, 9
8_20_06 4, 12, 16, 8, 5, 13, 1, 9
3_31_14 11, 3, 15
7_26_22 14, 6, 10, 2, 11, 3, 7
6_17_12 7, 15, 3, 11, 8, 16
8_23_20 12, 4, 8, 16, 13, 5, 9, 1
1_15_08 16
4_8_20 12, 4, 8, 16
6_13_16 12, 4, 8, 16, 9, 1
5_17_04 3, 11, 15, 7, 4
7_2_12 7, 15, 3, 11, 4, 12, 16
6_29_00 4, 12, 16, 8, 1, 9
8_21_08 6, 14, 2, 10, 7, 15, 3, 11
8_18_14 8, 16, 4, 12, 9, 1, 5, 13
2_26_06 2, 10
2_26_18 8, 16
2_2_18 6, 14
2_1_22 12, 4
3_20_06 16, 8, 4
2_30_16 8, 16
4_6_06 5, 13, 1, 9
2_3_14 8, 16
7_11_06 6, 14, 2, 10, 15, 7, 11
6_2_00 1, 9, 13, 5, 14, 6
8_30_06 7, 15, 3, 11, 4, 12, 16, 8
2_31_02 5, 13
1_13_02 5
7_22_12 8, 16, 4, 12, 5, 13, 1
5_25_18 12, 4, 8, 16, 13
3_16_18 9, 1, 13
1_8_00 6
5_13_06 7, 15, 3, 11, 4
6_20_20 11, 3, 7, 15, 8, 16
1_7_18 3
4_23_00 2, 10, 14, 6
4_16_16 12, 4, 8, 16
1_27_18 4
7_11_20 13, 5, 9, 1, 6, 14, 2
3_17_16 9, 1, 5
5_27_16 11, 3, 7, 15, 4
6_27_04 5, 13, 1, 9, 6, 14
7_28_10 8, 16, 4, 12, 13, 5, 9
8_27_18 12, 4, 8, 16, 13, 5, 9, 1
5_27_00 3, 11, 15, 7, 12
4_30_04 6, 14, 2, 10
2_28_08 3, 11
8_8_14 9, 1, 5, 13, 10, 2, 6, 14
7_15_14 11, 3, 7, 15, 16, 8, 12
6_11_08 7, 15, 3, 11, 8, 16
3_7_06 5, 13, 9
8_31_14 11, 3, 7, 15, 8, 16, 4, 12
4_17_20 11, 3, 7, 15
7_14_00 4, 12, 16, 8, 13, 5, 9
6_5_18 11, 3, 7, 15, 12, 4
8_23_10 7, 15, 3, 11, 8, 16, 4, 12
8_29_06 7, 15, 3, 11, 4, 12, 16, 8
8_11_08 7, 15, 3, 11, 8, 16, 4, 12
1_25_20 13
1_9_00 3
1_21_20 12
2_9_06 6, 14
8_14_20 14, 6, 10, 2, 11, 3, 7, 15
8_13_06 7, 15, 3, 11, 4, 12, 16, 8
4_21_22 13, 5, 9, 1
8_18_22 12, 4, 8, 16, 13, 5, 9, 1
2_2_12 3, 11
8_25_14 10, 2, 6, 14, 11, 3, 7, 15
1_21_02 3
2_30_04 2, 10
8_19_06 4, 12, 16, 8, 5, 13, 1, 9
4_3_18 10, 2, 6, 14
3_16_06 3, 11, 7
6_15_08 8, 16, 4, 12, 5, 13
6_20_10 6, 14, 2, 10, 3, 11
5_3_18 10, 2, 6, 14, 3
2_10_22 10, 2
3_8_14 5, 13, 9
5_8_04 4, 12, 16, 8, 9
8_18_08 5, 13, 1, 9, 6, 14, 2, 10
2_17_12 7, 15
2_28_22 10, 2
1_13_14 11
2_13_12 10, 2
3_4_08 1, 9, 5
8_17_22 12, 4, 8, 16, 13, 5, 9, 1
5_22_08 6, 14, 2, 10, 3
8_22_22 13, 5, 9, 1, 14, 6, 10, 2
8_19_08 5, 13, 1, 9, 6, 14, 2, 10
2_25_12 9, 1
4_14_10 9, 1, 5, 13
5_18_12 7, 15, 3, 11, 4
1_27_02 12
8_28_08 7, 15, 3, 11, 8, 16, 4, 12
1_19_02 10
6_4_04 3, 11, 15, 7, 16, 8
3_12_18 8, 16, 12
4_10_14 10, 2, 6, 14
8_26_12 9, 1, 5, 13, 10, 2, 6, 14
1_29_12 10
4_29_08 8, 16, 4, 12
5_15_08 8, 16, 4, 12, 13
4_3_12 7, 15, 3, 11
3_25_08 7, 15, 3
1_29_22 15
3_19_04 3, 11, 7
8_31_02 5, 13, 1, 9, 2, 10, 14, 6
3_29_06 7, 15, 3
5_26_10 8, 16, 4, 12, 5
5_24_06 5, 13, 1, 9, 10
7_3_04 3, 11, 15, 7, 12, 4, 8
6_9_04 5, 13, 1, 9, 6, 14
6_4_02 2, 10, 14, 6, 15, 7
3_4_10 2, 10, 6
3_5_04 4, 12, 16
4_1_12 7, 15, 3, 11
3_31_12 10, 2, 14
6_8_02 3, 11, 15, 7, 16, 8
4_8_00 2, 10, 14, 6
1_31_20 6
4_7_14 9, 1, 5, 13
1_16_12 14
1_27_22 6
5_16_10 9, 1, 5, 13, 10
1_15_20 6
4_28_10 8, 16, 4, 12
2_18_12 3, 11
7_20_08 5, 13, 1, 9, 10, 2, 6
7_31_20 14, 6, 10, 2, 3, 11, 15
3_13_04 6, 14, 2
4_23_18 11, 3, 7, 15
5_22_20 12, 4, 8, 16, 9
2_4_22 8, 16
8_3_20 11, 3, 7, 15, 12, 4, 8, 16
4_31_02 5, 13, 1, 9
2_7_10 7, 15
5_21_18 11, 3, 7, 15, 12
3_15_02 5, 13, 9
8_9_02 4, 12, 16, 8, 5, 13, 1, 9
2_22_20 8, 16
8_30_02 5, 13, 1, 9, 2, 10, 14, 6
6_23_22 13, 5, 9, 1, 14, 6
8_27_20 13, 5, 9, 1, 14, 6, 10, 2
3_8_20 8, 16, 12
5_21_20 12, 4, 8, 16, 13
7_1_08 5, 13, 1, 9, 6, 14, 2
3_6_06 1, 9, 13
6_15_12 10, 2, 6, 14, 7, 15
1_6_06 1
7_24_10 7, 15, 3, 11, 12, 4, 8
7_2_08 5, 13, 1, 9, 2, 10, 14
4_11_22 14, 6, 10, 2
2_29_12 10, 2
2_24_14 5, 13
4_13_16 12, 4, 8, 16
6_22_10 7, 15, 3, 11, 4, 12
7_25_08 7, 15, 3, 11, 8, 16, 4
6_6_02 3, 11, 15, 7, 16, 8
8_24_04 4, 12, 16, 8, 5, 13, 1, 9
7_7_00 2, 10, 14, 6, 11, 3, 7
6_19_10 6, 14, 2, 10, 7, 15
3_1_02 2, 10, 14
5_8_10 7, 15, 3, 11, 12
6_31_22 15, 7, 11, 3, 12, 4
3_20_10 2, 10, 6
6_22_04 4, 12, 16, 8, 1, 9
1_22_12 4
2_27_02 4, 12
5_19_06 4, 12, 16, 8, 13
8_10_18 12, 4, 8, 16, 13, 5, 9, 1
2_8_10 3, 11
6_12_08 7, 15, 3, 11, 4, 12
5_15_16 12, 4, 8, 16, 1
7_20_14 8, 16, 4, 12, 13, 5, 9
5_2_00 1, 9, 13, 5, 14
1_17_08 5
2_4_16 5, 13
4_4_22 12, 4, 8, 16
6_19_04 3, 11, 15, 7, 4, 12
8_31_12 10, 2, 6, 14, 7, 15, 3, 11
4_6_10 7, 15, 3, 11
2_3_18 10, 2
5_27_04 5, 13, 1, 9, 14
8_16_08 8, 16, 4, 12, 5, 13, 1, 9
7_12_14 10, 2, 6, 14, 15, 7, 11
6_29_14 11, 3, 7, 15, 8, 16
6_28_18 12, 4, 8, 16, 9, 1
6_23_20 12, 4, 8, 16, 13, 5
2_20_02 14, 6
6_7_16 10, 2, 6, 14, 11, 3
1_15_10 1
6_6_00 2, 10, 14, 6, 15, 7
7_1_22 12, 4, 8, 16, 13, 5, 9
5_5_18 11, 3, 7, 15, 12
2_17_00 1, 9
1_10_16 7
7_9_22 14, 6, 10, 2, 15, 7, 11
8_25_02 4, 12, 16, 8, 5, 13, 1, 9
1_27_04 13
2_16_00 16, 8
6_15_16 12, 4, 8, 16, 9, 1
3_13_06 7, 15, 3
7_19_00 1, 9, 13, 5, 10, 2, 6
5_13_02 5, 13, 1, 9, 2
8_14_10 9, 1, 5, 13, 6, 14, 2, 10
3_7_04 4, 12, 8
4_2_06 4, 12, 16, 8
2_6_06 1, 9
7_24_06 5, 13, 1, 9, 10, 2, 6
3_14_12 6, 14, 2
5_26_20 13, 5, 9, 1, 10
5_3_16 9, 1, 5, 13, 2
7_1_18 10, 2, 6, 14, 11, 3, 7
6_12_06 6, 14, 2, 10, 3, 11
7_7_16 10, 2, 6, 14, 3, 11, 15
6_1_06 4, 12, 16, 8, 5, 13
6_3_20 11, 3, 7, 15, 12, 4
4_12_16 11, 3, 7, 15
3_14_20 10, 2, 6
7_22_16 10, 2, 6, 14, 7, 15, 3
7_13_04 6, 14, 2, 10, 3, 11, 15
8_11_00 3, 11, 15, 7, 4, 12, 16, 8
4_21_00 2, 10, 14, 6
3_29_18 13, 5, 9
4_29_00 4,12, 16, 8
2_18_10 2, 10
8_14_18 13, 5, 9, 1, 10, 2, 6, 14
3_9_02 4, 12, 16
2_15_02 5, 13
4_22_04 4, 12, 16, 8
2_30_22 11, 3
3_29_04 6, 14, 2
5_11_12 9, 1, 5, 13, 2
4_4_16 9, 1, 5, 13
8_5_06 5, 13, 1, 9, 6, 14, 2, 10
2_28_06 2, 10
4_24_10 7, 15, 3, 11
6_18_02 2, 10, 14, 6, 15, 7
7_31_18 13, 5, 9, 1, 2, 10, 14
4_25_12 9, 1, 5, 13
3_27_18 12, 4, 16
1_10_08 3
2_5_16 10, 2
1_23_08 14
6_30_14 11, 3, 7, 15, 4, 12
4_13_08 8, 16, 4, 12
3_16_14 7, 15, 11
4_2_00 1, 9, 13, 5
5_23_12 8, 16, 4, 12, 1
7_12_18 12, 4, 8, 16, 1, 9, 13
2_13_10 9, 1
8_19_20 11, 3, 7, 15, 12, 4, 8, 16
5_31_14 11, 3, 7, 15, 16
4_31_18 13, 5, 9, 1
4_25_20 13, 5, 9, 1
6_20_16 9, 1, 5, 13, 6, 14
5_7_08 6, 14, 2, 10, 15
2_11_04 5, 13
3_31_02 5, 13, 9
4_9_02 4, 12, 16, 8
1_20_00 5
8_29_14 11, 3, 7, 15, 8, 16, 4, 12
7_21_16 10, 2, 6, 14, 11, 3, 7
6_7_18 11, 3, 7, 15, 12, 4
3_17_06 4, 12, 16
2_8_06 1, 9
5_13_10 9, 1, 5, 13, 6
3_30_10 5, 13, 1
5_13_20 14, 6, 10, 2, 11
3_28_00 15, 7, 3
1_18_12 3
2_6_08 2, 10
1_14_18 9
2_29_00 4,12
6_31_12 10, 2, 6, 14, 7, 15
4_18_14 8, 16, 4, 12
1_15_18 5
1_17_14 8
3_21_18 11, 3, 7
6_26_16 11, 3, 7, 15, 8, 16
4_11_12 9, 1, 5, 13
8_21_04 4, 12, 16, 8, 5, 13, 1, 9
1_31_12 2
4_17_16 9, 1, 5, 13
6_10_18 12, 4, 8, 16, 9, 1
3_19_10 6, 14, 10
3_23_02 3, 11, 7
4_23_16 10, 2, 6, 14
4_11_18 12, 4, 8, 16
5_8_20 12, 4, 8, 16, 1
8_28_16 11, 3, 7, 15, 12, 4, 8, 16
2_24_18 7, 15
5_5_16 10, 2, 6, 14, 11
1_29_20 14
4_5_14 9, 1, 5, 13
2_19_18 10, 2
7_13_14 11, 3, 7, 15, 8, 16, 4
6_24_00 2, 10, 14, 6, 15, 7
1_9_16 11
5_6_08 6, 14, 2, 10, 3
3_31_22 15, 7, 3
5_20_20 11, 3, 7, 15, 16
5_28_06 6, 14, 2, 10, 11
8_12_00 3, 11, 15, 7, 4, 12, 16, 8
8_13_04 6, 14, 2, 10, 3, 11, 15, 7
3_2_14 4, 12, 16
8_11_06 6, 14, 2, 10, 7, 15, 3, 11
8_10_08 7, 15, 3, 11, 8, 16, 4, 12
8_27_08 7, 15, 3, 11, 8, 16, 4, 12
1_18_16 5
8_31_06 7, 15, 3, 11, 4, 12, 16, 8
7_21_12 8, 16, 4, 12, 9, 1, 5
4_25_00 3, 11, 15, 7
5_30_08 8, 16, 4, 12, 1
4_9_14 10, 2, 6, 14
8_28_22 14, 6, 10, 2, 15, 7, 11, 3
6_17_16 9, 1, 5, 13, 10, 2
8_22_08 6, 14, 2, 10, 7, 15, 3, 11
5_2_20 11, 3, 7, 15, 8
6_24_10 7, 15, 3, 11, 4, 12
3_16_20 10, 2, 14
7_10_16 11, 3, 7, 15, 8, 16, 4
5_21_14 9, 1, 5, 13, 10
4_19_18 10, 2, 6, 14
4_9_18 12, 4, 8, 16
7_24_00 2, 10, 14, 6, 7, 15, 3
5_4_14 8, 16, 4, 12, 13
3_15_16 12, 4, 16
8_12_12 9, 1, 5, 13, 10, 2, 6, 14
7_24_08 6, 14, 2, 10, 11, 3, 7
6_10_10 8, 16, 4, 12, 5, 13
3_3_06 4, 12, 8
8_1_20 11, 3, 7, 15, 12, 4, 8, 16
6_1_10 6, 14, 2, 10, 7, 15
7_29_06 7, 15, 3, 11, 4, 12, 16
5_19_16 9, 1, 5, 13, 2
6_12_20 13, 5, 9, 1, 10, 2
6_14_18 13, 5, 9, 1, 6, 14
3_21_10 7, 15, 3
1_5_12 8
7_27_04 5, 13, 1, 9, 14, 6, 10
7_17_14 8, 16, 4, 12, 9, 1, 5
1_19_04 11
6_22_16 10, 2, 6, 14, 7, 15
2_4_04 15, 7
4_27_10 8, 16, 4, 12
8_23_04 4, 12, 16, 8, 5, 13, 1, 9
5_29_06 7, 15, 3, 11, 4
3_30_08 4, 12, 16
8_20_02 2, 10, 14, 6, 3, 11, 15, 7
7_10_08 7, 15, 3, 11, 4, 12, 16
8_23_02 3, 11, 15, 7, 4, 12, 16, 8
3_25_00 3, 11, 15
7_19_16 9, 1, 5, 13, 2, 10, 14
3_22_00 14, 6, 10
7_9_10 8, 16, 4, 12, 9, 1, 5
2_21_04 4, 12
5_18_06 4, 12, 16, 8, 1
4_18_10 6, 14, 2, 10
5_11_00 3, 11, 15, 7, 12
5_6_14 9, 1, 5, 13, 6
7_29_04 6, 14, 2, 10, 3, 11, 15
7_12_12 9, 1, 5, 13, 14, 6, 10
1_15_00 12
6_4_08 5, 13, 1, 9, 2, 10
8_31_00 4, 12, 16, 8, 1, 9, 13, 5
1_6_18 7
6_24_22 13, 5, 9, 1, 10, 2
1_28_20 1
5_18_08 5, 13, 1, 9, 2
2_6_22 9, 1
7_13_06 7, 15, 3, 11, 4, 12, 16
5_20_16 9, 1, 5, 13, 14
3_21_20 12, 4, 8
3_8_06 1, 9, 5
8_15_08 8, 16, 4, 12, 5, 13, 1, 9
5_23_22 13, 5, 9, 1, 6
4_25_10 8, 16, 4, 12
8_14_08 8, 16, 4, 12, 5, 13, 1, 9
8_4_22 12, 4, 8, 16, 13, 5, 9, 1
2_21_16 10, 2
2_20_14 4, 12
7_1_00 1, 9, 13, 5, 2, 10, 14
1_13_00 4
4_27_16 11, 3, 7, 15
5_29_22 15, 7, 11, 3, 12
8_14_12 10, 2, 6, 14, 7, 15, 3, 11
2_16_16 8, 16
5_17_00 1, 9, 13, 5, 2
5_26_12 9, 1, 5, 13, 6
2_17_04 3, 11
4_7_10 7, 15, 3, 11
1_11_02 12
3_24_20 8, 16, 12
1_1_18 10
8_3_04 3, 11, 15, 7, 4, 12, 16, 8
6_5_02 3, 11, 15, 7, 4, 12
7_24_02 3, 11, 15, 7, 8, 16, 4
7_9_04 5, 13, 1, 9, 6, 14, 2
2_13_02 5, 13
8_20_08 5, 13, 1, 9, 6, 14, 2, 10
2_4_00 13, 5
1_17_22 12
4_17_18 10, 2, 6, 14
7_1_04 3, 11, 15, 7, 4, 12, 16
2_31_04 6, 14
6_22_08 6, 14, 2, 10, 3, 11
4_12_12 9, 1, 5, 13
1_31_08 16
4_6_22 13, 5, 9, 1
8_2_12 7, 15, 3, 11, 8, 16, 4, 12
2_18_16 5, 13
6_23_18 11, 3, 7, 15, 12, 4
2_7_00 2, 10
5_14_22 15, 7, 11, 3, 8
5_4_16 9, 1, 5, 13, 14
4_3_22 12, 4, 8, 16
4_12_22 14, 6, 10, 2
3_29_20 14, 6, 10
8_3_16 9, 1, 5, 13, 10, 2, 6, 14
7_15_18 13, 5, 9, 1, 2, 10, 14
3_9_06 6, 14, 2
3_29_14 11, 3, 7
6_30_02 5, 13, 1, 9, 14, 6
7_19_20 11, 3, 7, 15, 4, 12, 16
4_3_16 9, 1, 5, 13
1_22_18 7
5_29_08 8, 16, 4, 12, 5
6_17_10 6, 14, 2, 10, 7, 15
6_13_14 11, 3, 7, 15, 8, 16
2_23_16 10, 2
6_11_06 6, 14, 2, 10, 7, 15
7_28_08 7, 15, 3, 11, 12, 4, 8
7_20_06 4, 12, 16, 8, 9, 1, 5
8_11_14 10, 2, 6, 14, 11, 3, 7, 15
1_13_16 12
7_1_02 2, 10, 14, 6, 3, 11, 15
8_20_16 9, 1, 5, 13, 10, 2, 6, 14
1_3_14 16
4_14_20 14, 6, 10, 2
1_24_16 14
6_13_02 5, 13, 1, 9, 2, 10
7_18_18 10, 2, 6, 14, 7, 15, 3
3_27_04 5, 13, 9
6_14_16 12, 4, 8, 16, 5, 13
2_17_10 6, 14
5_2_10 6, 14, 2, 10, 3
5_28_00 3, 11, 15, 7, 8
8_12_04 5, 13, 1, 9, 6, 14, 2, 10
6_8_12 8, 16, 4, 12, 5, 13
2_24_12 4, 12
8_5_02 3, 11, 15, 7, 4, 12, 16, 8
2_10_16 7, 15
4_19_12 7, 15, 3, 11
3_1_22 12, 4, 8
6_17_06 4, 12, 16, 8, 5, 13
8_24_06 5, 13, 1, 9, 6, 14, 2, 10
6_23_02 3, 11, 15, 7, 4, 12
2_31_12 10, 2
4_4_02 2, 10, 14, 6
7_15_04 6, 14, 2, 10, 11, 3, 7
6_4_14 8, 16, 4, 12, 5, 13
6_16_22 15, 7, 11, 3, 8, 16
6_21_22 13, 5, 9, 1, 14, 6
3_21_14 9, 1, 5
7_11_08 7, 15, 3, 11, 16, 8, 12
2_26_20 9, 1
2_21_18 11, 3
7_12_06 6, 14, 2, 10, 11, 3, 7
4_13_20 14, 6, 10, 2
7_9_14 10, 2, 6, 14, 11, 3, 7
2_18_06 16, 8
8_7_08 6, 14, 2, 10, 7, 15, 3, 11
5_30_14 11, 3, 7, 15, 4
4_12_10 8, 16, 4, 12
3_6_16 6, 14, 2
1_1_06 4
2_2_02 14, 6
6_3_22 12, 4, 8, 16, 13, 5
6_12_16 11, 3, 7, 15, 8, 16
1_8_20 16
6_30_04 6, 14, 2, 10, 15, 7
2_24_02 15, 7
2_24_08 2, 10
2_2_08 1, 9
3_1_18 10, 2, 6
6_20_14 8, 16, 4, 12, 5, 13
3_19_14 8, 16, 12
4_20_02 2, 10, 14, 6
8_19_10 6, 14, 2, 10, 7, 15, 3, 11
7_26_12 9, 1, 5, 13, 6, 14, 2
4_19_16 9, 1, 5, 13
6_1_22 12, 4, 8, 16, 13, 5
2_8_04 16, 8
2_14_08 4, 12
8_5_04 4, 12, 16, 8, 5, 13, 1, 9
4_28_14 10, 2, 6, 14
7_10_06 6, 14, 2, 10, 3, 11, 15
7_12_04 5, 13, 1, 9, 10, 2, 6
3_24_12 4, 12, 8
3_4_00 13, 5, 1
4_8_04 4, 12, 16, 8
5_4_08 5, 13, 1, 9, 10
1_12_10 12
4_5_04 4, 12, 16, 8
5_24_12 8, 16, 4, 12, 13
4_9_12 9, 1, 5, 13
6_14_06 7, 15, 3, 11, 16, 8
1_23_20 4
7_3_10 6, 14, 2, 10, 15, 7, 11
3_31_06 7, 15, 11
3_26_04 1, 9, 13
2_23_14 9, 1
8_24_12 8, 16, 4, 12, 9, 1, 5, 13
8_10_22 14, 6, 10, 2, 15, 7, 11, 3
8_10_14 10, 2, 6, 14, 11, 3, 7, 15
5_9_08 7, 15, 3, 11, 8
5_17_12 7, 15, 3, 11, 8
1_24_06 9
6_28_06 6, 14, 2, 10, 3, 11
1_17_02 2
5_11_16 11, 3, 7, 15, 4
4_13_04 6, 14, 2, 10
2_22_00 14, 6
4_19_02 2, 10, 14, 6
5_7_16 10, 2, 6, 14, 3
2_27_04 5, 13
4_24_12 8, 16, 4, 12
5_8_18 11, 3, 7, 15, 16
3_14_04 2, 10, 14
8_21_14 9, 1, 5, 13, 10, 2, 6, 14
1_17_18 10
3_6_08 2, 10, 14
4_3_14 8, 16, 4, 12
7_25_12 9, 1, 5, 13, 10, 2, 6
1_23_18 3
8_8_02 3, 11, 15, 7, 4, 12, 16, 8
4_18_22 12, 4, 8, 16
5_31_22 15, 7, 11, 3, 4
8_30_20 14, 6, 10, 2, 11, 3, 7, 15
3_15_10 9, 1, 13
3_5_02 3, 11, 15
7_5_08 6, 14, 2, 10, 7, 15, 3
1_13_04 6
7_15_10 9, 1, 5, 13, 14, 6, 10
1_23_10 15
1_1_02 2
7_19_18 10, 2, 6, 14, 3, 11, 15
2_30_06 3, 11
6_18_00 1, 9, 13, 5, 14, 6
6_17_00 1, 9, 13, 5, 2, 10
4_18_16 9, 1, 5, 13
4_10_22 14, 6, 10, 2
8_6_18 11, 3, 7, 15, 12, 4, 8, 16
5_11_06 6, 14, 2, 10, 15
3_10_12 5, 13, 1
1_7_14 1
5_3_22 12, 4, 8, 16, 5
3_11_18 12, 4, 16
1_27_08 15
7_3_06 4, 12, 16, 8, 13, 5, 9
1_10_22 10
5_1_00 1, 9, 13, 5, 2
8_22_00 2, 10, 14, 6, 3, 11, 15, 7
6_15_10 9, 1, 5, 13, 6, 14
1_22_02 15
8_26_18 12, 4, 8, 16, 13, 5, 9, 1
3_8_16 6, 14, 10
2_26_16 7, 15
1_30_20 10
7_26_10 8, 16, 4, 12, 5, 13, 1
1_10_14 6
2_14_04 2, 10
4_17_00 1, 9, 13, 5
7_16_12 10, 2, 6, 14, 11, 3, 7
6_18_08 5, 13, 1, 9, 2, 10
5_21_08 6, 14, 2, 10, 7
6_21_04 4, 12, 16, 8, 5, 13
5_29_04 6, 14, 2, 10, 3
5_25_08 7, 15, 3, 11, 8
1_11_14 2
3_16_04 2, 10, 6
6_1_18 10, 2, 6, 14, 11, 3
1_25_00 3
2_3_20 11, 3
2_2_20 7, 15
6_29_20 14, 6, 10, 2, 11, 3
1_2_10 2
4_11_06 6, 14, 2, 10
2_31_18 13, 5
4_1_14 8, 16, 4, 12
8_9_00 3, 11, 15, 7, 4, 12, 16, 8
4_28_22 14, 6, 10, 2
4_9_22 14, 6, 10, 2
1_12_02 8
4_29_02 5, 13, 1, 9
1_9_14 10
7_12_00 3, 11, 15, 7, 8, 16, 4
4_27_12 9, 1, 5, 13
8_28_12 9, 1, 5, 13, 10, 2, 6, 14
3_8_18 7, 15, 11
2_1_10 6, 14
2_9_20 13, 5
2_24_06 1, 9
3_7_10 7, 15, 11
8_11_20 13, 5, 9, 1, 14, 6, 10, 2
5_8_14 9, 1, 5, 13, 14
8_26_08 7, 15, 3, 11, 8, 16, 4, 12
6_14_08 8, 16, 4, 12, 1, 9
4_27_18 12, 4, 8, 16
1_4_20 15
6_26_10 8, 16, 4, 12, 5, 13
5_17_16 9, 1, 5, 13, 10
2_8_18 7, 15
7_31_14 11, 3, 7, 15, 16, 8, 12
7_30_20 14, 6, 10, 2, 7, 15, 3
6_26_18 12, 4, 8, 16, 9, 1
8_25_06 6, 14, 2, 10, 7, 15, 3, 11
5_10_12 9, 1, 5, 13, 6
1_10_06 2
5_18_22 12, 4, 8, 16, 9
6_18_18 10, 2, 6, 14, 7, 15
7_18_00 1, 9, 13, 5, 14, 6, 10
2_9_02 4, 12
6_2_16 9, 1, 5, 13, 6, 14
8_26_00 3, 11, 15, 7, 4, 12, 16, 8
4_7_22 13, 5, 9, 1
1_15_04 14
3_4_02 14, 6, 2
5_8_00 2, 10, 14, 6, 7
7_4_10 6, 14, 2, 10, 11, 3, 7
4_21_18 11, 3, 7, 15
2_12_12 5, 13
4_20_22 12, 4, 8, 16
4_28_02 4, 12, 16, 8
1_29_14 11
4_3_10 6, 14, 2, 10
2_31_06 7, 15
2_17_20 11, 3
4_6_18 11, 3, 7, 15
4_7_00 2, 10, 14, 6
4_28_00 3, 11, 15, 7
4_14_14 11, 3, 7, 15
1_24_10 11
2_5_00 2, 10
3_10_22 10, 2, 6
3_24_08 2, 10, 6
1_4_16 13
3_1_14 8, 16, 4
8_20_20 11, 3, 7, 15, 12, 4, 8, 16
5_3_14 8, 16, 4, 12, 1
4_23_22 13, 5, 9, 1
6_18_22 12, 4, 8, 16, 9, 1
7_29_02 5, 13, 1, 9, 2, 10, 14
2_7_04 4, 12
1_31_02 13
1_30_22 11
5_16_16 12, 4, 8, 16, 13
5_15_00 4, 12, 16, 8, 9
6_26_20 13, 5, 9, 1, 10, 2
5_9_02 4, 12, 16, 8, 5
2_17_06 4, 12
3_6_20 8, 16, 4
7_22_02 3, 11, 15, 7, 16, 8, 12
6_20_02 2, 10, 14, 6, 15, 7
3_11_12 9, 1, 13
7_14_08 8, 16, 4, 12, 1, 9, 13
7_26_06 6, 14, 2, 10, 3, 11, 15
4_22_02 3, 11, 15, 7
8_7_00 2, 10, 14, 6, 3, 11, 15, 7
6_22_00 2, 10, 14, 6, 15, 7
3_12_16 7, 15, 11
3_28_06 2, 10, 6
7_19_08 5, 13, 1, 9, 14, 6, 10
6_8_10 7, 15, 3, 11, 4, 12
3_17_04 3, 11, 15
4_26_10 8, 16, 4, 12
8_7_12 8, 16, 4, 12, 9, 1, 5, 13
2_15_12 10, 2
1_24_22 1
6_1_12 7, 15, 3, 11, 8, 16
7_31_16 12, 4, 8, 16, 1, 9, 13
1_7_22 5
3_8_02 15, 7, 3
5_12_16 11, 3, 7, 15, 16
3_8_08 2, 10, 6
3_17_00 1, 9, 13
6_27_18 12, 4, 8, 16, 13, 5
3_26_14 6, 14, 2
7_26_04 5, 13, 1, 9, 2, 10, 14
7_24_18 11, 3, 7, 15, 16, 8, 12
8_8_00 2, 10, 14, 6, 3, 11, 15, 7
3_3_00 1, 9, 5
6_5_12 8, 16, 4, 12, 9, 1
8_19_18 10, 2, 6, 14, 11, 3, 7, 15
5_3_08 5, 13, 1, 9, 14
6_8_22 13, 5, 9, 1, 10, 2
6_7_20 12, 4, 8, 16, 13, 5
1_18_10 2
7_23_02 3, 11, 15, 7, 12, 4, 8
2_6_10 3, 11
4_7_08 6, 14, 2, 10
5_10_10 8, 16, 4, 12, 5
5_26_14 10, 2, 6, 14, 7
3_10_18 8, 16, 4
8_1_06 4, 12, 16, 8, 5, 13, 1, 9
1_10_12 5
7_20_16 9, 1, 5, 13, 14, 6, 10
5_8_12 8, 16, 4, 12, 13
3_18_04 15, 7, 11
5_5_20 12, 4, 8, 16, 13
4_18_20 11, 3, 7, 15
4_26_00 3, 11, 15, 7
5_27_10 8, 16, 4, 12, 1
7_17_22 12, 4, 8, 16, 13, 5, 9
5_26_18 12, 4, 8, 16, 9
5_12_08 7, 15, 3, 11, 12
4_27_22 14, 6, 10, 2
2_3_08 5, 13
2_14_06 3, 11
2_23_12 8, 16
8_12_22 14, 6, 10, 2, 15, 7, 11, 3
6_16_12 10, 2, 6, 14, 3, 11
5_16_04 6, 14, 2, 10, 7
8_31_18 13, 5, 9, 1, 10, 2, 6, 14
7_29_14 11, 3, 7, 15, 8, 16, 4
3_10_16 7, 15, 3
2_3_16 9, 1
8_4_16 9, 1, 5, 13, 10, 2, 6, 14
3_23_06 5, 13, 9
1_8_06 9
1_20_12 11
7_6_18 11, 3, 7, 15, 8, 16, 4
2_18_18 6, 14
6_30_16 12, 4, 8, 16, 5, 13
6_14_12 10, 2, 6, 14, 3, 11
3_18_12 3, 11, 15
8_28_04 5, 13, 1, 9, 6, 14, 2, 10
8_7_04 4, 12, 16, 8, 5, 13, 1, 9
5_3_02 2, 10, 14, 6, 11
5_10_16 11, 3, 7, 15, 8
3_2_08 1, 9, 13
3_4_04 15, 7, 3
7_25_22 14, 6, 10, 2, 15, 7, 11
5_5_08 6, 14, 2, 10, 7
6_11_12 9, 1, 5, 13, 10, 2
5_31_16 12, 4, 8, 16, 1
1_15_16 4
3_24_04 16, 8, 4
1_6_00 14
4_8_02 3, 11, 15, 7
6_8_14 9, 1, 5, 13, 6, 14
5_19_00 1, 9, 13, 5, 10
7_16_18 13, 5, 9, 1, 14, 6, 10
4_28_08 7, 15, 3, 11
7_6_06 5, 13, 1, 9, 2, 10, 14
1_27_10 16
8_16_14 11, 3, 7, 15, 8, 16, 4, 12
3_1_04 3, 11, 15
5_25_06 6, 14, 2, 10, 7
4_7_12 8, 16, 4, 12
4_13_00 4,12, 16, 8
7_14_14 11, 3, 7, 15, 4, 12, 16
1_12_08 11
5_9_14 10, 2, 6, 14, 11
6_25_00 3, 11, 15, 7, 4, 12
7_11_18 12, 4, 8, 16, 5, 13, 1
8_10_10 8, 16, 4, 12, 9, 1, 5, 13
8_20_14 8, 16, 4, 12, 9, 1, 5, 13
2_31_10 9, 1
8_30_12 10, 2, 6, 14, 7, 15, 3, 11
3_13_02 5, 13, 1
6_25_16 11, 3, 7, 15, 12, 4
5_28_10 8, 16, 4, 12, 13
3_7_16 10, 2, 14
8_16_20 14, 6, 10, 2, 11, 3, 7, 15
2_9_10 8, 16
4_21_20 12, 4, 8, 16
5_31_00 4, 12, 16, 8, 9
1_18_00 13
2_1_20 11, 3
6_23_14 9, 1, 5, 13, 10, 2
3_5_18 11, 3, 7
3_31_16 12, 4, 16
2_17_02 2, 10
3_20_20 7, 15, 11
5_22_16 10, 2, 6, 14, 7
6_1_14 8, 16, 4, 12, 9, 1
7_2_16 9, 1, 5, 13, 6, 14, 2
7_27_18 12, 4, 8, 16, 5, 13, 1
3_17_12 7, 15, 3
4_27_14 10, 2, 6, 14
1_17_00 1
8_6_08 6, 14, 2, 10, 7, 15, 3, 11
7_11_04 5, 13, 1, 9, 14, 6, 10
6_14_14 11, 3, 7, 15, 4, 12
6_11_14 10, 2, 6, 14, 11, 3
7_13_16 12, 4, 8, 16, 9, 1, 5
7_31_06 7, 15, 3, 11, 12, 4, 8
5_16_06 7, 15, 3, 11, 8
7_28_00 3, 11, 15, 7, 8, 16, 4
4_25_16 11, 3, 7, 15
5_26_02 4, 12, 16, 8, 1
3_9_22 14, 6, 10
1_4_06 8
4_3_02 2, 10, 14, 6
7_21_06 5, 13, 1, 9, 6, 14, 2
1_14_00 16
6_30_06 7, 15, 3, 11, 16, 8
2_16_08 4, 12
5_30_00 4, 12, 16, 8, 13
4_16_02 5, 13, 1, 9
4_15_12 10, 2, 6, 14
8_10_16 11, 3, 7, 15, 12, 4, 8, 16
8_23_12 8, 16, 4, 12, 9, 1, 5, 13
3_10_08 3, 11, 15
8_20_00 1, 9, 13, 5, 2, 10, 14, 6
5_1_14 8, 16, 4, 12, 9
6_28_00 3, 11, 15, 7, 16, 8
6_30_12 10, 2, 6, 14, 3, 11
5_25_22 14, 6, 10, 2, 15
3_8_04 16, 8, 4
7_18_14 8, 16, 4, 12, 5, 13, 1
5_14_04 6, 14, 2, 10, 15
7_18_08 5, 13, 1, 9, 2, 10, 14
4_23_02 3, 11, 15, 7
7_6_10 7, 15, 3, 11, 4, 12, 16
1_26_04 1
3_27_02 4, 12, 8
3_16_12 6, 14, 10
5_2_06 4, 12, 16, 8, 1
6_11_02 4, 12, 16, 8, 5, 13
2_25_00 3, 11
6_9_14 10, 2, 6, 14, 11, 3
1_31_06 15
7_17_04 3, 11, 15, 7, 4, 12, 16
1_8_14 13
7_14_04 6, 14, 2, 10, 15, 7, 11
6_4_00 1, 9, 13, 5, 14, 6
1_24_04 8
8_12_16 11, 3, 7, 15, 12, 4, 8, 16
5_17_20 11, 3, 7, 15, 12
3_19_20 11, 3, 15
6_4_12 7, 15, 3, 11, 4, 12
7_1_20 11, 3, 7, 15, 12, 4, 8
6_10_22 14, 6, 10, 2, 11, 3
8_26_04 5, 13, 1, 9, 6, 14, 2, 10
1_9_12 9
6_19_16 9, 1, 5, 13, 10, 2
