1_20_12 11
7_7_04 4, 12, 16, 8, 13, 5, 9
6_5_04 4, 12, 16, 8, 5, 13
5_23_06 5, 13, 1, 9, 14
7_28_12 9, 1, 5, 13, 14, 6, 10
5_30_00 4, 12, 16, 8, 13
5_31_02 5, 13, 1, 9, 10
7_26_12 9, 1, 5, 13, 6, 14, 2
2_26_14 6, 14
2_21_20 12, 4
5_22_20 12, 4, 8, 16, 9
7_3_16 9, 1, 5, 13, 2, 10, 14
5_8_12 8, 16, 4, 12, 13
1_24_02 7
7_9_08 7, 15, 3, 11, 8, 16, 4
6_11_12 9, 1, 5, 13, 10, 2
7_12_10 8, 16, 4, 12, 13, 5, 9
2_13_00 4,12
4_8_04 4, 12, 16, 8
1_16_06 11
4_22_08 6, 14, 2, 10
7_24_16 10, 2, 6, 14, 15, 7, 11
3_1_16 9, 1, 5
5_18_16 9, 1, 5, 13, 6
3_3_02 2, 10, 6
5_6_12 8, 16, 4, 12, 5
1_10_20 9
5_8_18 11, 3, 7, 15, 16
6_24_12 8, 16, 4, 12, 5, 13
8_11_16 11, 3, 7, 15, 12, 4, 8, 16
8_5_02 3, 11, 15, 7, 4, 12, 16, 8
3_26_04 1, 9, 13
6_17_16 9, 1, 5, 13, 10, 2
1_13_12 10
4_3_22 12, 4, 8, 16
6_29_06 7, 15, 3, 11, 4, 12
7_15_20 14, 6, 10, 2, 3, 11, 15
5_7_02 3, 11, 15, 7, 12
5_27_04 5, 13, 1, 9, 14
6_23_14 9, 1, 5, 13, 10, 2
4_21_06 5, 13, 1, 9
5_9_16 11, 3, 7, 15, 12
2_15_12 10, 2
7_30_14 11, 3, 7, 15, 4, 12, 16
4_9_18 12, 4, 8, 16
6_12_20 13, 5, 9, 1, 10, 2
8_15_08 8, 16, 4, 12, 5, 13, 1, 9
2_7_02 3, 11
4_18_14 8, 16, 4, 12
5_25_06 6, 14, 2, 10, 7
7_29_22 15, 7, 11, 3, 12, 4, 8
6_10_16 11, 3, 7, 15, 8, 16
3_3_20 11, 3, 15
5_21_22 13, 5, 9, 1, 14
1_17_12 7
8_1_16 9, 1, 5, 13, 10, 2, 6, 14
4_12_08 7, 15, 3, 11
5_5_08 6, 14, 2, 10, 7
3_31_12 10, 2, 14
7_17_14 8, 16, 4, 12, 9, 1, 5
7_4_06 4, 12, 16, 8, 9, 1, 5
6_19_22 12, 4, 8, 16, 13, 5
5_26_06 6, 14, 2, 10, 3
3_14_12 6, 14, 2
1_17_00 1
5_22_10 7, 15, 3, 11, 4
3_1_08 5, 13, 1
1_3_08 13
2_19_06 4, 12
3_9_00 3, 11, 15
6_11_16 11, 3, 7, 15, 12, 4
2_25_08 7, 15
5_22_18 11, 3, 7, 15, 8
1_9_02 4
6_30_10 9, 1, 5, 13, 2, 10
7_19_16 9, 1, 5, 13, 2, 10, 14
1_18_08 1
8_18_04 3, 11, 15, 7, 4, 12, 16, 8
8_20_06 4, 12, 16, 8, 5, 13, 1, 9
7_21_00 2, 10, 14, 6, 3, 11, 15
2_4_00 13, 5
6_14_06 7, 15, 3, 11, 16, 8
1_31_04 14
4_27_04 5, 13, 1, 9
8_18_10 6, 14, 2, 10, 7, 15, 3, 11
5_24_12 8, 16, 4, 12, 13
1_8_02 7
1_15_12 2
5_6_04 4, 12, 16, 8, 1
8_6_04 4, 12, 16, 8, 5, 13, 1, 9
6_2_20 11, 3, 7, 15, 8, 16
7_12_20 13, 5, 9, 1, 2, 10, 14
3_3_16 9, 1, 13
1_23_12 16
7_17_06 4, 12, 16, 8, 5, 13, 1
5_17_18 10, 2, 6, 14, 11
6_21_00 2, 10, 14, 6, 3, 11
6_19_08 5, 13, 1, 9, 6, 14
5_1_20 11, 3, 7, 15, 12
3_4_00 13, 5, 1
6_5_16 10, 2, 6, 14, 11, 3
6_10_00 3, 11, 15, 7, 16, 8
5_18_12 7, 15, 3, 11, 4
3_27_14 10, 2, 14
2_15_10 9, 1
5_20_18 10, 2, 6, 14, 15
5_7_00 2, 10, 14, 6, 11
2_23_02 3, 11
4_18_04 3, 11, 15, 7
2_20_08 1, 9
5_17_14 8, 16, 4, 12, 9
8_10_02 4, 12, 16, 8, 5, 13, 1, 9
8_1_00 1, 9, 13, 5, 2, 10, 14, 6
7_7_14 9, 1, 5, 13, 2, 10, 14
8_2_12 7, 15, 3, 11, 8, 16, 4, 12
4_5_14 9, 1, 5, 13
8_7_06 5, 13, 1, 9, 6, 14, 2, 10
5_10_06 6, 14, 2, 10, 3
3_30_06 3, 11, 15
6_13_04 6, 14, 2, 10, 3, 11
3_5_04 4, 12, 16
8_5_10 7, 15, 3, 11, 8, 16, 4, 12
5_22_08 6, 14, 2, 10, 3
6_23_18 11, 3, 7, 15, 12, 4
2_30_20 10, 2
2_28_08 3, 11
8_8_08 6, 14, 2, 10, 7, 15, 3, 11
7_16_02 5, 13, 1, 9, 6, 14, 2
5_17_22 12, 4, 8, 16, 13
8_23_00 2, 10, 14, 6, 3, 11, 15, 7
6_22_08 6, 14, 2, 10, 3, 11
4_23_08 6, 14, 2, 10
1_10_00 15
7_12_12 9, 1, 5, 13, 14, 6, 10
6_4_14 8, 16, 4, 12, 5, 13
1_25_16 11
3_18_10 2, 10, 14
1_17_18 10
6_4_18 10, 2, 6, 14, 7, 15
7_26_20 13, 5, 9, 1, 10, 2, 6
6_15_18 13, 5, 9, 1, 10, 2
8_20_12 7, 15, 3, 11, 8, 16, 4, 12
4_23_06 5, 13, 1, 9
4_15_12 10, 2, 6, 14
1_30_02 1
1_24_16 14
5_10_16 11, 3, 7, 15, 8
8_11_14 10, 2, 6, 14, 11, 3, 7, 15
5_31_18 13, 5, 9, 1, 2
5_2_16 9, 1, 5, 13, 6
7_2_20 11, 3, 7, 15, 8, 16, 4
5_9_00 3, 11, 15, 7, 4
1_15_14 3
6_19_02 2, 10, 14, 6, 3, 11
3_11_14 10, 2, 14
7_19_08 5, 13, 1, 9, 14, 6, 10
4_4_08 5, 13, 1, 9
8_28_00 3, 11, 15, 7, 4, 12, 16, 8
1_12_14 14
5_17_02 2, 10, 14, 6, 3
3_20_22 8, 16, 12
6_7_12 8, 16, 4, 12, 9, 1
2_6_22 9, 1
6_29_16 12, 4, 8, 16, 9, 1
7_6_04 4, 12, 16, 8, 1, 9, 13
4_26_20 13, 5, 9, 1
2_30_00 16, 8
5_8_14 9, 1, 5, 13, 14
6_5_08 6, 14, 2, 10, 7, 15
4_20_10 6, 14, 2, 10
2_19_00 1, 9
2_13_20 14, 6
8_31_02 5, 13, 1, 9, 2, 10, 14, 6
5_28_00 3, 11, 15, 7, 8
4_8_00 2, 10, 14, 6
2_28_02 16, 8
3_16_22 11, 3, 15
8_4_10 6, 14, 2, 10, 7, 15, 3, 11
3_26_16 7, 15, 3
5_26_22 14, 6, 10, 2, 11
6_10_22 14, 6, 10, 2, 11, 3
1_3_12 15
2_30_12 6, 14
3_22_16 6, 14, 2
5_31_12 10, 2, 6, 14, 15
3_24_04 16, 8, 4
2_22_08 2, 10
3_26_22 10, 2, 6
3_5_18 11, 3, 7
6_24_08 6, 14, 2, 10, 3, 11
1_28_10 12
5_31_08 8, 16, 4, 12, 13
3_20_10 2, 10, 6
1_14_20 10
3_12_10 4, 12, 8
8_9_08 7, 15, 3, 11, 8, 16, 4, 12
7_25_18 12, 4, 8, 16, 13, 5, 9
6_28_00 3, 11, 15, 7, 16, 8
7_24_14 9, 1, 5, 13, 14, 6, 10
1_28_00 7
1_7_10 15
8_10_08 7, 15, 3, 11, 8, 16, 4, 12
6_20_06 4, 12, 16, 8, 1, 9
3_17_18 10, 2, 6
4_8_02 3, 11, 15, 7
5_19_22 12, 4, 8, 16, 5
7_5_00 2, 10, 14, 6, 3, 11, 15
8_27_14 10, 2, 6, 14, 11, 3, 7, 15
3_14_16 8, 16, 4
4_27_12 9, 1, 5, 13
3_18_12 3, 11, 15
8_11_08 7, 15, 3, 11, 8, 16, 4, 12
6_9_06 6, 14, 2, 10, 7, 15
4_5_10 7, 15, 3, 11
4_25_00 3, 11, 15, 7
1_21_14 9
1_18_20 7
6_8_18 11, 3, 7, 15, 8, 16
7_8_20 12, 4, 8, 16, 1, 9, 13
8_11_04 5, 13, 1, 9, 6, 14, 2, 10
4_10_20 13, 5, 9, 1
7_28_04 5, 13, 1, 9, 10, 2, 6
6_23_02 3, 11, 15, 7, 4, 12
4_8_06 5, 13, 1, 9
5_29_16 12, 4, 8, 16, 9
1_18_12 3
6_4_16 9, 1, 5, 13, 6, 14
6_22_12 8, 16, 4, 12, 5, 13
5_23_08 6, 14, 2, 10, 15
1_6_14 5
2_21_12 8, 16
8_29_20 14, 6, 10, 2, 11, 3, 7, 15
2_23_22 13, 5
8_25_00 3, 11, 15, 7, 4, 12, 16, 8
7_25_10 8, 16, 4, 12, 9, 1, 5
4_27_16 11, 3, 7, 15
8_15_22 15, 7, 11, 3, 12, 4, 8, 16
2_16_10 5, 13
8_5_16 10, 2, 6, 14, 11, 3, 7, 15
1_11_10 16
1_2_00 13
2_29_14 11, 3
4_5_18 11, 3, 7, 15
2_19_10 6, 14
3_6_00 14, 6, 10
1_29_10 9
6_12_14 10, 2, 6, 14, 7, 15
4_22_20 12, 4, 8, 16
5_16_22 15, 7, 11, 3, 16
5_4_00 1, 9, 13, 5, 6
1_15_08 16
5_15_22 15, 7, 11, 3, 4
5_7_12 8, 16, 4, 12, 1
4_1_20 11, 3, 7, 15
4_6_14 9, 1, 5, 13
8_28_12 9, 1, 5, 13, 10, 2, 6, 14
4_7_20 12, 4, 8, 16
6_20_16 9, 1, 5, 13, 6, 14
7_28_18 12, 4, 8, 16, 1, 9, 13
8_17_02 2, 10, 14, 6, 3, 11, 15, 7
3_26_02 16, 8, 12
3_29_06 7, 15, 3
3_20_06 16, 8, 4
6_18_08 5, 13, 1, 9, 2, 10
8_5_18 11, 3, 7, 15, 12, 4, 8, 16
8_25_10 8, 16, 4, 12, 9, 1, 5, 13
5_25_18 12, 4, 8, 16, 13
1_3_06 12
8_14_16 12, 4, 8, 16, 9, 1, 5, 13
1_26_06 2
8_20_02 2, 10, 14, 6, 3, 11, 15, 7
1_25_08 7
7_2_08 5, 13, 1, 9, 2, 10, 14
6_16_06 7, 15, 3, 11, 16, 8
4_20_06 4, 12, 16, 8
8_12_16 11, 3, 7, 15, 12, 4, 8, 16
6_26_06 6, 14, 2, 10, 3, 11
3_21_16 10, 2, 6
7_5_08 6, 14, 2, 10, 7, 15, 3
6_2_22 12, 4, 8, 16, 9, 1
8_3_18 10, 2, 6, 14, 11, 3, 7, 15
8_6_10 7, 15, 3, 11, 8, 16, 4, 12
7_12_16 11, 3, 7, 15, 16, 8, 12
8_16_00 4, 12, 16, 8, 1, 9, 13, 5
8_13_14 11, 3, 7, 15, 8, 16, 4, 12
6_21_14 9, 1, 5, 13, 10, 2
8_1_10 6, 14, 2, 10, 7, 15, 3, 11
1_22_22 9
4_28_04 5, 13, 1, 9
3_30_22 11, 3, 7
2_15_04 6, 14
6_2_10 6, 14, 2, 10, 3, 11
5_30_18 13, 5, 9, 1, 6
8_18_22 12, 4, 8, 16, 13, 5, 9, 1
6_15_20 14, 6, 10, 2, 11, 3
5_24_02 3, 11, 15, 7, 8
2_4_12 3, 11
6_21_18 11, 3, 7, 15, 12, 4
6_14_02 5, 13, 1, 9, 14, 6
6_21_02 3, 11, 15, 7, 4, 12
4_10_04 5, 13, 1, 9
1_19_06 12
2_3_20 11, 3
4_24_02 3, 11, 15, 7
5_16_02 5, 13, 1, 9, 6
2_16_16 8, 16
6_8_04 4, 12, 16, 8, 1, 9
7_9_14 10, 2, 6, 14, 11, 3, 7
4_3_04 3, 11, 15, 7
3_6_18 7, 15, 3
4_23_04 4, 12, 16, 8
1_18_18 6
5_16_12 10, 2, 6, 14, 11
6_13_18 13, 5, 9, 1, 10, 2
4_23_02 3, 11, 15, 7
1_10_14 6
8_1_12 7, 15, 3, 11, 8, 16, 4, 12
7_18_14 8, 16, 4, 12, 5, 13, 1
7_14_22 15, 7, 11, 3, 8, 16, 4
6_13_10 9, 1, 5, 13, 6, 14
4_19_06 4, 12, 16, 8
1_21_18 11
8_26_02 4, 12, 16, 8, 5, 13, 1, 9
3_1_10 6, 14, 2
6_25_22 14, 6, 10, 2, 15, 7
3_4_04 15, 7, 3
3_2_02 14, 6, 10
4_14_16 12, 4, 8, 16
3_10_00 15, 7, 11
8_4_14 8, 16, 4, 12, 9, 1, 5, 13
7_4_08 5, 13, 1, 9, 10, 2, 6
4_31_10 9, 1, 5, 13
3_28_10 4, 12, 8
5_22_14 9, 1, 5, 13, 6
8_30_20 14, 6, 10, 2, 11, 3, 7, 15
4_12_06 6, 14, 2, 10
5_27_06 6, 14, 2, 10, 15
1_14_12 6
5_16_00 4, 12, 16, 8, 5
2_14_06 3, 11
8_31_16 12, 4, 8, 16, 9, 1, 5, 13
6_7_08 6, 14, 2, 10, 7, 15
8_18_18 10, 2, 6, 14, 11, 3, 7, 15
5_30_04 6, 14, 2, 10, 15
5_19_12 7, 15, 3, 11, 16
4_14_08 8, 16, 4, 12
4_25_22 14, 6, 10, 2
8_15_16 12, 4, 8, 16, 9, 1, 5, 13
2_19_14 8, 16
7_30_02 5, 13, 1, 9, 14, 6, 10
7_5_04 4, 12, 16, 8, 5, 13, 1
5_27_00 3, 11, 15, 7, 12
5_10_12 9, 1, 5, 13, 6
2_3_02 2, 10
4_31_08 8, 16, 12
5_19_04 3, 11, 15, 7, 12
8_25_04 5, 13, 1, 9, 6, 14, 2, 10
8_23_12 8, 16, 4, 12, 9, 1, 5, 13
1_9_22 14
4_13_10 9, 1, 5, 13
5_4_10 6, 14, 2, 10, 11
6_8_08 6, 14, 2, 10, 3, 11
6_31_00 4, 12, 16, 8, 1, 9
1_23_04 12
5_8_22 13, 5, 9, 1, 2
2_7_12 8, 16
2_17_08 5, 13
4_31_20 14, 6, 10, 2
6_11_00 3, 11, 15, 7, 4, 12
2_20_20 7, 15
7_26_22 14, 6, 10, 2, 11, 3, 7
8_16_20 14, 6, 10, 2, 11, 3, 7, 15
1_27_10 16
2_21_22 13, 5
5_9_06 6, 14, 2, 10, 7
8_10_04 5, 13, 1, 9, 6, 14, 2, 10
8_10_00 3, 11, 15, 7, 4, 12, 16, 8
8_31_06 7, 15, 3, 11, 4, 12, 16, 8
3_10_04 1, 9, 13
8_17_08 5, 13, 1, 9, 6, 14, 2, 10
6_12_00 3, 11, 15, 7, 16, 8
2_16_12 6, 14
3_24_02 15, 7, 3
1_20_00 5
8_9_04 5, 13, 1, 9, 6, 14, 2, 10
2_3_22 12, 4
2_17_04 3, 11
3_14_10 5, 13, 1
6_10_02 4, 12, 16, 8, 1, 9
3_4_10 2, 10, 6
7_1_00 1, 9, 13, 5, 2, 10, 14
3_15_16 12, 4, 16
3_7_00 2, 10, 6
2_19_16 9, 1
3_28_08 3, 11, 7
6_16_14 11, 3, 7, 15, 4, 12
6_6_20 12, 4, 8, 16, 9, 1
6_23_22 13, 5, 9, 1, 14, 6
8_14_06 7, 15, 3, 11, 4, 12, 16, 8
2_30_16 8, 16
7_31_02 5, 13, 1, 9, 10, 2, 6
7_8_18 11, 3, 7, 15, 16, 8, 12
5_24_10 7, 15, 3, 11, 12
2_20_22 8, 16
2_12_08 3, 11
8_5_08 6, 14, 2, 10, 7, 15, 3, 11
4_1_14 8, 16, 4, 12
3_13_16 12, 4, 8
1_9_08 7
1_25_12 9
6_7_20 12, 4, 8, 16, 13, 5
7_10_20 13, 5, 9, 1, 10, 2, 6
1_30_14 7
1_14_22 11
3_13_12 10, 2, 6
4_21_20 12, 4, 8, 16
2_12_22 10, 2
4_13_18 13, 5, 9, 1
5_28_02 4, 12, 16, 8, 9
2_26_06 2, 10
2_31_16 12, 4
3_12_16 7, 15, 11
2_12_20 9, 1
8_8_18 11, 3, 7, 15, 12, 4, 8, 16
7_23_12 8, 16, 4, 12, 1, 9, 13
1_2_22 8
1_19_14 16
4_3_12 7, 15, 3, 11
1_16_18 1
8_1_20 11, 3, 7, 15, 12, 4, 8, 16
8_14_12 10, 2, 6, 14, 7, 15, 3, 11
8_10_22 14, 6, 10, 2, 15, 7, 11, 3
1_22_14 5
2_12_04 1, 9
7_8_16 10, 2, 6, 14, 15, 7, 11
6_24_14 9, 1, 5, 13, 6, 14
1_26_02 16
7_5_12 8, 16, 4, 12, 9, 1, 5
3_20_12 3, 11, 7
3_23_16 10, 2, 14
3_19_06 4, 12, 8
6_8_10 7, 15, 3, 11, 4, 12
4_2_02 2, 10, 14, 6
1_3_00 9
3_24_06 1, 9, 5
4_5_00 2, 10, 14, 6
5_14_16 12, 4, 8, 16, 5
4_17_06 4, 12, 16, 8
7_6_14 9, 1, 5, 13, 6, 14, 2
7_24_08 6, 14, 2, 10, 11, 3, 7
2_14_02 1, 9
5_29_22 15, 7, 11, 3, 12
5_26_02 4, 12, 16, 8, 1
6_9_20 13, 5, 9, 1, 14, 6
5_28_18 12, 4, 8, 16, 1
5_5_12 8, 16, 4, 12, 9
2_3_12 7, 15
1_13_02 5
5_27_16 11, 3, 7, 15, 4
6_30_18 13, 5, 9, 1, 6, 14
6_12_16 11, 3, 7, 15, 8, 16
8_27_12 9, 1, 5, 13, 10, 2, 6, 14
7_10_02 4, 12, 16, 8, 1, 9, 13
5_13_14 11, 3, 7, 15, 8
8_5_12 8, 16, 4, 12, 9, 1, 5, 13
7_11_10 8, 16, 4, 12, 1, 9, 13
7_10_18 12, 4, 8, 16, 9, 1, 5
5_9_02 4, 12, 16, 8, 5
2_18_16 5, 13
5_23_20 12, 4, 8, 16, 5
6_19_10 6, 14, 2, 10, 7, 15
6_16_12 10, 2, 6, 14, 3, 11
5_13_22 15, 7, 11, 3, 12
8_6_12 8, 16, 4, 12, 9, 1, 5, 13
2_29_16 12, 4
2_5_08 6, 14
1_15_04 14
7_22_02 3, 11, 15, 7, 16, 8, 12
2_12_06 2, 10
7_18_00 1, 9, 13, 5, 14, 6, 10
5_1_08 5, 13, 1, 9, 6
2_11_02 4, 12
4_5_20 12, 4, 8, 16
2_17_02 2, 10
2_7_16 10, 2
1_22_12 4
1_24_04 8
4_21_04 4, 12, 16, 8
6_17_14 8, 16, 4, 12, 9, 1
6_2_12 7, 15, 3, 11, 4, 12
8_28_16 11, 3, 7, 15, 12, 4, 8, 16
7_25_04 5, 13, 1, 9, 6, 14, 2
1_13_08 8
3_8_16 6, 14, 10
3_3_18 10, 2, 14
4_15_20 14, 6, 10, 2
4_17_14 8, 16, 4, 12
1_11_16 3
7_22_16 10, 2, 6, 14, 7, 15, 3
8_24_08 6, 14, 2, 10, 7, 15, 3, 11
8_7_16 10, 2, 6, 14, 11, 3, 7, 15
8_9_16 11, 3, 7, 15, 12, 4, 8, 16
4_12_14 10, 2, 6, 14
2_21_06 5, 13
3_12_18 8, 16, 12
7_7_02 3, 11, 15, 7, 12, 4, 8
4_22_18 11, 3, 7, 15
5_17_04 3, 11, 15, 7, 4
7_23_22 13, 5, 9, 1, 6, 14, 2
7_11_00 3, 11, 15, 7, 12, 4, 8
6_10_10 8, 16, 4, 12, 5, 13
8_27_06 6, 14, 2, 10, 7, 15, 3, 11
6_18_18 10, 2, 6, 14, 7, 15
8_12_14 10, 2, 6, 14, 11, 3, 7, 15
2_28_16 7, 15
3_12_20 9, 1, 13
4_19_12 7, 15, 3, 11
3_9_14 10, 2, 6
2_25_22 14, 6
5_30_14 11, 3, 7, 15, 4
6_15_22 15, 7, 11, 3, 12, 4
1_29_16 12
1_25_10 8
6_28_02 4, 12, 16, 8, 1, 9
7_23_00 2, 10, 14, 6, 11, 3, 7
6_27_10 8, 16, 4, 12, 9, 1
2_10_08 3, 11
4_13_00 4,12, 16, 8
1_27_12 1
3_14_08 4, 12, 16
7_19_22 12, 4, 8, 16, 5, 13, 1
8_17_18 10, 2, 6, 14, 11, 3, 7, 15
7_15_10 9, 1, 5, 13, 14, 6, 10
6_5_22 13, 5, 9, 1, 14, 6
5_23_16 10, 2, 6, 14, 3
3_12_02 16, 8, 4
1_13_20 14
6_16_10 9, 1, 5, 13, 2, 10
7_28_22 14, 6, 10, 2, 3, 11, 15
8_25_18 12, 4, 8, 16, 13, 5, 9, 1
2_27_00 3, 11
5_12_14 10, 2, 6, 14, 15
4_27_06 6, 14, 2, 10
7_14_00 4, 12, 16, 8, 13, 5, 9
2_4_14 4, 12
1_4_20 15
8_11_22 14, 6, 10, 2, 15, 7, 11, 3
2_17_20 11, 3
8_24_00 2, 10, 14, 6, 3, 11, 15, 7
6_2_18 10, 2, 6, 14, 7, 15
7_9_04 5, 13, 1, 9, 6, 14, 2
2_25_14 10, 2
3_1_14 8, 16, 4
1_30_08 4
1_21_16 10
5_17_12 7, 15, 3, 11, 8
2_29_18 13, 5
3_2_06 16, 8, 12
5_22_16 10, 2, 6, 14, 7
7_10_12 9, 1, 5, 13, 6, 14, 2
2_7_06 5, 13
6_9_04 5, 13, 1, 9, 6, 14
4_16_16 12, 4, 8, 16
7_15_00 4, 12, 16, 8, 9, 1, 5
2_20_10 2, 10
8_18_00 1, 9, 13, 5, 2, 10, 14, 6
7_19_00 1, 9, 13, 5, 10, 2, 6
2_24_12 4, 12
5_18_10 6, 14, 2, 10, 3
1_4_16 13
5_15_20 14, 6, 10, 2, 3
4_21_10 7, 15, 3, 11
4_9_06 6, 14, 2, 10
4_13_16 12, 4, 8, 16
6_3_14 8, 16, 4, 12, 9, 1
8_29_14 11, 3, 7, 15, 8, 16, 4, 12
3_16_14 7, 15, 11
6_1_06 4, 12, 16, 8, 5, 13
1_17_14 8
5_6_08 6, 14, 2, 10, 3
7_11_20 13, 5, 9, 1, 6, 14, 2
6_2_14 8, 16, 4, 12, 5, 13
1_21_08 6
1_24_22 1
3_27_16 11, 3, 15
3_26_12 5, 13, 1
5_16_08 8, 16, 4, 12, 9
5_19_06 4, 12, 16, 8, 13
4_25_20 13, 5, 9, 1
8_30_04 6, 14, 2, 10, 3, 11, 15, 7
3_18_22 8, 16, 4
1_7_14 1
2_30_14 7, 15
4_20_04 3, 11, 15, 7
7_7_10 7, 15, 3, 11, 16, 8, 12
2_24_14 5, 13
7_24_20 12, 4, 8, 16, 1, 9, 13
8_23_20 12, 4, 8, 16, 13, 5, 9, 1
1_27_00 11
8_24_06 5, 13, 1, 9, 6, 14, 2, 10
5_27_12 9, 1, 5, 13, 2
2_24_00 14, 6
3_15_18 13, 5, 1
2_28_18 8, 16
5_4_06 4, 12, 16, 8, 9
7_24_10 7, 15, 3, 11, 12, 4, 8
8_10_12 9, 1, 5, 13, 10, 2, 6, 14
5_1_16 9, 1, 5, 13, 10
6_26_12 9, 1, 5, 13, 6, 14
7_22_04 4, 12, 16, 8, 1, 9, 13
5_27_18 12, 4, 8, 16, 5
6_15_06 7, 15, 3, 11, 4, 12
7_31_08 8, 16, 4, 12, 13, 5, 9
5_6_06 5, 13, 1, 9, 2
7_27_18 12, 4, 8, 16, 5, 13, 1
6_11_04 5, 13, 1, 9, 6, 14
1_27_18 4
1_31_20 6
2_6_20 8, 16
5_19_18 10, 2, 6, 14, 3
6_18_02 2, 10, 14, 6, 15, 7
3_22_08 2, 10, 14
1_1_00 1
7_23_18 11, 3, 7, 15, 4, 12, 16
8_27_00 3, 11, 15, 7, 4, 12, 16, 8
5_14_18 13, 5, 9, 1, 6
1_19_04 11
2_30_04 2, 10
6_7_04 4, 12, 16, 8, 5, 13
8_31_00 4, 12, 16, 8, 1, 9, 13, 5
7_8_02 3, 11, 15, 7, 8, 16, 4
3_17_08 5, 13, 1
1_1_12 7
2_9_00 3, 11
8_31_18 13, 5, 9, 1, 10, 2, 6, 14
5_17_16 9, 1, 5, 13, 10
7_28_20 13, 5, 9, 1, 2, 10, 14
2_19_12 7, 15
1_14_00 16
8_24_22 13, 5, 9, 1, 14, 6, 10, 2
3_1_00 1, 9, 13
4_28_18 12, 4, 8, 16
4_10_00 3, 11, 15, 7
2_28_12 5, 13
4_24_12 8, 16, 4, 12
2_15_14 11, 3
4_21_18 11, 3, 7, 15
5_18_20 11, 3, 7, 15, 8
5_11_02 4, 12, 16, 8, 13
3_21_12 8, 16, 4
4_15_16 12, 4, 8, 16
8_25_02 4, 12, 16, 8, 5, 13, 1, 9
5_19_10 6, 14, 2, 10, 15
1_4_02 6
7_2_22 12, 4, 8, 16, 9, 1, 5
2_26_12 5, 13
6_23_08 6, 14, 2, 10, 7, 15
6_27_02 4, 12, 16, 8, 5, 13
5_29_14 11, 3, 7, 15, 8
2_7_20 12, 4
8_19_02 2, 10, 14, 6, 3, 11, 15, 7
7_10_06 6, 14, 2, 10, 3, 11, 15
3_29_22 15, 7, 11
2_10_02 16, 8
5_15_14 11, 3, 7, 15, 16
1_27_08 15
5_24_20 12, 4, 8, 16, 1
2_5_20 12, 4
1_20_10 10
8_27_04 5, 13, 1, 9, 6, 14, 2, 10
3_20_18 6, 14, 10
5_2_00 1, 9, 13, 5, 14
7_13_22 15, 7, 11, 3, 12, 4, 8
5_24_00 2, 10, 14, 6, 7
4_10_16 11, 3, 7, 15
7_17_00 1, 9, 13, 5, 2, 10, 14
2_4_20 7, 15
1_8_14 13
8_1_04 3, 11, 15, 7, 4, 12, 16, 8
8_12_20 13, 5, 9, 1, 14, 6, 10, 2
3_24_14 5, 13, 9
3_11_06 6, 14, 10
5_7_14 9, 1, 5, 13, 2
1_8_22 1
8_14_04 6, 14, 2, 10, 3, 11, 15, 7
8_28_02 4, 12, 16, 8, 5, 13, 1, 9
5_16_18 13, 5, 9, 1, 14
5_13_00 4, 12, 16, 8, 1
1_22_02 15
5_20_04 3, 11, 15, 7, 8
7_16_14 11, 3, 7, 15, 12, 4, 8
4_5_12 8, 16, 4, 12
2_14_12 6, 14
3_9_16 11, 3, 7
1_28_22 2
7_27_02 4, 12, 16, 8, 13, 5, 9
6_27_22 14, 6, 10, 2, 15, 7
6_31_16 12, 4, 8, 16, 9, 1
1_19_20 3
2_27_08 7, 15
7_28_08 7, 15, 3, 11, 12, 4, 8
5_9_10 8, 16, 4, 12, 9
8_31_14 11, 3, 7, 15, 8, 16, 4, 12
2_16_02 1, 9
5_21_00 2, 10, 14, 6, 3
8_16_22 15, 7, 11, 3, 12, 4, 8, 16
5_28_16 11, 3, 7, 15, 16
3_22_18 7, 15, 3
3_25_20 13, 5, 9
1_21_00 2
1_23_22 5
8_19_10 6, 14, 2, 10, 7, 15, 3, 11
1_2_20 7
6_31_10 9, 1, 5, 13, 6, 14
7_17_02 2, 10, 14, 6, 3, 11, 15
4_29_06 7, 15, 3, 11
6_13_14 11, 3, 7, 15, 8, 16
4_8_12 8, 16, 4, 12
6_6_18 11, 3, 7, 15, 8, 16
2_4_02 14, 6
8_1_22 12, 4, 8, 16, 13, 5, 9, 1
1_31_06 15
6_22_00 2, 10, 14, 6, 15, 7
6_31_22 15, 7, 11, 3, 12, 4
2_24_10 3, 11
2_27_20 13, 5
6_19_16 9, 1, 5, 13, 10, 2
4_29_08 8, 16, 4, 12
7_17_16 9, 1, 5, 13, 10, 2, 6
1_2_14 4
6_20_04 3, 11, 15, 7, 16, 8
2_6_14 5, 13
8_11_12 9, 1, 5, 13, 10, 2, 6, 14
1_7_08 14
2_6_18 7, 15
3_20_20 7, 15, 11
1_20_14 12
2_7_22 13, 5
3_17_00 1, 9, 13
7_20_16 9, 1, 5, 13, 14, 6, 10
3_11_04 5, 13, 9
5_16_06 7, 15, 3, 11, 8
8_6_02 3, 11, 15, 7, 4, 12, 16, 8
2_13_06 7, 15
3_15_02 5, 13, 9
1_22_20 8
6_27_14 10, 2, 6, 14, 11, 3
8_13_00 4, 12, 16, 8, 1, 9, 13, 5
4_14_12 10, 2, 6, 14
8_24_20 12, 4, 8, 16, 13, 5, 9, 1
1_9_04 5
1_28_16 15
6_2_08 5, 13, 1, 9, 2, 10
5_7_04 4, 12, 16, 8, 13
5_20_10 6, 14, 2, 10, 11
8_23_16 10, 2, 6, 14, 11, 3, 7, 15
7_8_12 8, 16, 4, 12, 13, 5, 9
6_13_02 5, 13, 1, 9, 2, 10
3_25_10 8, 16, 4
3_16_10 5, 13, 9
3_14_04 2, 10, 14
1_18_16 5
5_14_20 14, 6, 10, 2, 7
2_9_20 13, 5
6_21_16 10, 2, 6, 14, 11, 3
4_7_14 9, 1, 5, 13
5_18_00 1, 9, 13, 5, 14
2_20_16 5, 13
8_2_06 4, 12, 16, 8, 5, 13, 1, 9
7_6_02 3, 11, 15, 7, 16, 8, 12
6_12_06 6, 14, 2, 10, 3, 11
1_3_16 1
5_17_10 6, 14, 2, 10, 7
4_29_14 11, 3, 7, 15
1_27_20 5
1_26_16 7
2_7_04 4, 12
4_30_22 15, 7, 11, 3
6_6_00 2, 10, 14, 6, 15, 7
5_8_16 10, 2, 6, 14, 15
4_13_04 6, 14, 2, 10
8_15_14 11, 3, 7, 15, 8, 16, 4, 12
2_8_18 7, 15
8_18_20 11, 3, 7, 15, 12, 4, 8, 16
8_2_14 8, 16, 4, 12, 9, 1, 5, 13
6_21_20 12, 4, 8, 16, 13, 5
4_29_00 4,12, 16, 8
7_3_06 4, 12, 16, 8, 13, 5, 9
7_29_00 4, 12, 16, 8, 1, 9, 13
5_12_16 11, 3, 7, 15, 16
7_5_14 9, 1, 5, 13, 10, 2, 6
2_17_00 1, 9
6_7_14 9, 1, 5, 13, 10, 2
3_28_12 5, 13, 9
4_30_10 9, 1, 5, 13
6_8_16 10, 2, 6, 14, 7, 15
4_18_20 11, 3, 7, 15
7_11_14 10, 2, 6, 14, 3, 11, 15
5_18_14 8, 16, 4, 12, 5
7_16_22 15, 7, 11, 3, 16, 8, 12
6_17_06 4, 12, 16, 8, 5, 13
4_11_00 3, 11, 15, 7
6_17_12 7, 15, 3, 11, 8, 16
5_29_00 4, 12, 16, 8, 1
6_25_06 6, 14, 2, 10, 7, 15
1_7_22 5
6_15_16 12, 4, 8, 16, 9, 1
8_30_22 15, 7, 11, 3, 12, 4, 8, 16
6_10_08 7, 15, 3, 11, 4, 12
7_3_20 11, 3, 7, 15, 4, 12, 16
7_13_18 13, 5, 9, 1, 10, 2, 6
7_8_14 9, 1, 5, 13, 14, 6, 10
4_26_22 14, 6, 10, 2
4_24_00 2, 10, 14, 6
1_29_18 13
1_20_08 9
5_29_18 13, 5, 9, 1, 10
4_21_12 8, 16, 4, 12
5_25_16 11, 3, 7, 15, 12
1_6_00 14
7_20_04 3, 11, 15, 7, 8, 16, 4
3_31_14 11, 3, 15
7_19_20 11, 3, 7, 15, 4, 12, 16
3_1_18 10, 2, 6
2_8_12 4, 12
2_31_00 4,12
1_3_22 4
2_1_16 9, 1
3_30_08 4, 12, 16
7_13_04 6, 14, 2, 10, 3, 11, 15
2_10_06 2, 10
6_9_16 11, 3, 7, 15, 12, 4
3_3_10 6, 14, 10
8_5_14 9, 1, 5, 13, 10, 2, 6, 14
1_3_20 3
4_10_02 4, 12, 16, 8
3_21_06 5, 13, 1
3_31_20 14, 6, 2
5_9_20 13, 5, 9, 1, 14
1_11_04 13
1_4_06 8
7_22_10 7, 15, 3, 11, 4, 12, 16
6_28_20 13, 5, 9, 1, 10, 2
2_12_10 4, 12
1_22_06 1
7_16_10 9, 1, 5, 13, 10, 2, 6
4_15_18 13, 5, 9, 1
8_17_16 9, 1, 5, 13, 10, 2, 6, 14
5_24_22 13, 5, 9, 1, 2
4_26_16 11, 3, 7, 15
4_4_18 10, 2, 6, 14
1_12_02 8
4_15_10 9, 1, 5, 13
3_27_18 12, 4, 16
2_23_12 8, 16
7_18_22 12, 4, 8, 16, 9, 1, 5
5_7_22 13, 5, 9, 1, 6
1_12_18 16
5_13_16 12, 4, 8, 16, 9
7_6_10 7, 15, 3, 11, 4, 12, 16
3_23_00 2, 10, 6
1_30_22 11
3_22_22 9, 1, 5
8_3_10 6, 14, 2, 10, 7, 15, 3, 11
6_16_16 12, 4, 8, 16, 5, 13
7_6_20 12, 4, 8, 16, 9, 1, 5
1_25_22 14
2_26_00 15, 7
1_1_18 10
4_31_04 6, 14, 2, 10
8_7_20 12, 4, 8, 16, 13, 5, 9, 1
7_5_02 3, 11, 15, 7, 4, 12, 16
5_11_22 14, 6, 10, 2, 7
6_29_12 10, 2, 6, 14, 7, 15
5_29_12 10, 2, 6, 14, 7
5_4_16 9, 1, 5, 13, 14
4_28_06 6, 14, 2, 10
6_13_12 10, 2, 6, 14, 7, 15
5_28_04 5, 13, 1, 9, 10
8_25_14 10, 2, 6, 14, 11, 3, 7, 15
6_6_22 13, 5, 9, 1, 10, 2
8_13_22 15, 7, 11, 3, 12, 4, 8, 16
1_17_22 12
3_13_08 8, 16, 4
2_27_02 4, 12
6_12_02 4, 12, 16, 8, 1, 9
1_9_00 3
8_29_12 10, 2, 6, 14, 7, 15, 3, 11
7_4_22 12, 4, 8, 16, 1, 9, 13
4_30_18 13, 5, 9, 1
7_20_18 10, 2, 6, 14, 15, 7, 11
